mCurrentIter=344
mCounterStuck=0
mYPrev=2.453136
mParameters.n_iterations=600
mParameters.n_inner_iterations=500
mParameters.n_init_samples=10
mParameters.n_iter_relearn=50
mParameters.init_method=1
mParameters.surr_name=sGaussianProcess
mParameters.sigma_s=1
mParameters.noise=1e-06
mParameters.alpha=1
mParameters.beta=1
mParameters.sc_type=SC_MAP
mParameters.l_type=L_EMPIRICAL
mParameters.l_all=0
mParameters.epsilon=0
mParameters.force_jump=20
mParameters.kernel.name=kMaternARD5
mParameters.kernel.hp_mean=[1](1)
mParameters.kernel.hp_std=[1](10)
mParameters.mean.name=mConst
mParameters.mean.coef_mean=[1](1)
mParameters.mean.coef_std=[1](1000)
mParameters.crit_name=cEI
mParameters.crit_params=[0]()
mY=[354](2.789867,3.868992,7.258754,4.247532,6.120769,2.447083,9.910696,2.815046,0.6500273,5.206791,30.6298,6.507738,3.904656,20.97707,2.080467,4.305674,4.798068,18.47522,3.499043,4.685399,3.725088,17.89672,4.753674,19.79289,2.757808,4.555692,2.880831,21.29442,2.004607,2.074449,2.127554,19.06341,3.095668,15.14268,20.54535,18.83277,23.02826,2.155242,22.48426,20.42324,0.878782,23.0368,3.559082,14.55428,25.32419,2.439737,13.35319,22.84556,21.12188,22.35214,22.97536,20.28007,16.86653,2.962486,19.07224,23.39868,4.64087,2.582729,1.417467,21.15148,21.11803,21.22259,20.79445,21.14055,20.82496,21.11631,23.6517,21.28928,20.75489,20.30065,21.11236,19.9705,21.58672,21.20617,21.10788,21.12522,21.63945,20.68446,20.78468,20.25203,21.32386,21.00493,20.95456,21.41029,19.73356,11.58619,20.76241,20.5531,4.680576,3.433812,21.29381,7.14541,1.548802,7.274067,2.138783,4.182714,3.668017,1.136197,2.354679,6.379757,7.458866,20.43778,2.805426,2.340461,3.814186,3.662504,2.26816,20.92202,21.03552,21.51631,1.863486,3.097713,3.566223,22.30985,5.448932,3.416256,3.355974,2.864839,4.388989,4.596714,13.70525,3.338772,3.748711,4.243471,13.72164,4.034097,4.238765,3.575776,2.726148,3.058076,2.974486,3.044053,3.225165,3.170145,20.78494,20.96893,2.954036,3.311148,21.31948,4.491109,4.635985,4.626876,4.618397,4.021065,22.15169,4.696769,20.43764,21.90204,4.902791,4.679246,4.51298,4.52593,4.645962,2.577307,2.83368,3.119089,2.692841,3.034017,2.847497,2.742106,14.71947,2.248156,2.333913,2.378601,2.892617,4.156903,3.639655,3.346026,17.64221,15.7991,3.768683,2.805382,3.130138,4.472501,3.453958,18.07584,3.619597,2.898423,3.40325,3.678083,15.58135,16.20561,13.9316,3.867552,13.29937,14.06727,14.56489,14.08523,3.878478,13.69985,14.04481,15.60858,14.85868,14.23345,14.3703,14.70822,2.987048,2.459986,2.996133,3.005141,3.017611,4.619519,2.93087,4.192157,3.5522,2.971004,3.052502,2.121074,5.570469,5.605949,3.127716,3.340747,2.556908,3.745909,3.033003,3.366005,5.292223,4.197668,4.452835,4.428722,3.775323,3.953491,4.651353,3.774995,5.478131,4.617096,4.054758,4.425933,4.67841,4.114332,4.022747,4.606011,4.651171,5.300598,4.990388,5.049871,4.528174,3.081307,3.51495,3.502484,3.017903,3.079057,3.804024,6.031964,4.887266,4.737711,5.410463,5.066869,5.208449,5.661199,5.831605,5.484564,5.650198,5.354127,1.709649,1.775511,1.024521,1.922337,2.773697,2.098177,2.485141,2.605735,2.556486,2.263488,1.673753,2.019183,2.100206,1.748217,2.233411,2.396392,2.205887,2.329032,2.274425,2.243041,2.31992,4.413255,4.606463,5.035641,6.138007,6.114924,6.113208,6.223745,20.83525,5.110753,20.85354,21.35874,4.982604,20.93968,5.064831,21.29436,5.208953,21.06174,5.408584,21.24524,4.845612,2.216346,2.050257,2.133997,2.545675,2.258341,2.241281,2.23698,21.22977,1.964312,1.660489,21.19641,2.051355,1.76781,1.801455,21.32593,17.46089,3.058711,20.82184,3.225386,2.278073,3.726429,2.119594,21.27447,3.003774,3.068922,3.007137,3.002263,4.639472,3.042629,2.989449,4.955056,2.30645,3.063648,3.01684,20.88929,3.010288,3.013585,3.030059,3.067689,2.955591,2.991817,3.583244,3.344844,3.478627,3.759514,2.905619,3.10745,3.529735,2.296292,3.357799,21.16326,3.778695,21.04432,2.62535,2.421062,2.488619,2.449352,20.97569,2.453136)
mX=[354,7](0.8024733523,0.1727477928,0.5902747662,0.5588102214,0.4941085549,0.9079372864,0.4012770561,0.5212488925,0.9663974944,0.6946007344,0.4491896504,0.02295707585,0.35879786,0.6055314192,0.4642228264,0.2405148809,0.1701346474,0.9516845346,0.7939966816,0.7242182016,0.8349126279,0.2516899463,0.7532123738,0.9287237926,0.7280637121,0.6573376023,0.6195723745,0.5438060976,0.3813671907,0.8140274794,0.2773934262,0.1818747249,0.9722611609,0.5244506145,0.9259903759,0.985049294,0.06229462314,0.7374269436,0.6754136965,0.1999764095,0.8311911979,0.7327373109,0.002400336694,0.3253325823,0.8405587778,0.3115095824,0.5352135591,0.4430011085,0.2399474168,0.784525739,0.4563533181,0.4471384167,0.2301748121,0.2688449815,0.2366492957,0.1824722859,0.6697275539,0.5778978909,0.08816869184,0.02287714693,0.846103506,0.09014822482,0.3772292878,0.1603367517,0.6251360702,0.3251820643,0.8557807607,0.3395942783,0.1699118316,0.03935096452,0.8856161265,0.6146636629,0.0001180780545,0.0001033525456,0.9999797472,9.206595322e-05,0.4066212109,0.4818218553,0.5251629128,0.05927692098,9.887629036e-05,0.8785144522,0.159061858,0.4671892141,0.5796191597,0.6586861059,0.3635875701,0.2026777687,0.3828245239,0.1004513046,7.632449272e-05,0.6687131368,0.560966123,0.08879302755,0.02379517226,0.846254571,0.1522748524,0.3769475184,0.4317728093,0.4068108594,0.1363413551,6.475193795e-21,0.0001519545756,5.465454273e-20,0.7995206724,0.863469275,0.2934007451,0.9303170954,0.4700592067,9.665438951e-05,0.2699420569,0.07433778636,0.3700794767,0.5880100248,0.089478279,0.02251161209,0.8464772225,0.04252458454,0.3767857989,0.6062100133,0.456167777,0.229855676,0.1327390447,0.7911422206,0.03518021438,0.506160743,0.7908213474,0.4524594911,0.612188228,0.2496398596,9.363547527e-05,0.2994262957,9.278509825e-05,0.4769272711,0.875644459,0.01949247558,0.02396005016,0.6457825323,0.04635699892,0.3779170928,0.5535755481,0.5764421613,0.03750908122,0.02084710581,0.3955620774,0.05168303631,0.3651904953,0.5354887003,0.750698431,0.09119627352,0.02263109511,0.8481222172,0.09000534697,0.377887784,0.122059581,0.9999926697,0.3570278863,0.000132693734,0.2530880933,0.6064061455,0.9999542903,0.6691524138,0.5774757899,0.08897104431,0.009297722746,0.7698025805,0.08990430344,0,0.6989781701,0.6795022456,0.6099875106,0.2052584215,7.483488687e-05,0.1131391125,0.9999822917,0.2038412372,0.4202651672,9.665489559e-05,9.87258088e-05,0.03847830654,0.1177511334,0.9999839004,0.3175325183,1,2.557926492e-21,0.1207432796,2.108170891e-20,8.134230131e-24,1,0.669767884,0.5785401131,0.07458115635,0.02384624274,0.8465930042,0.09028112305,1,0.5777535795,0.6312224471,0.7445692625,0.6394695581,9.151756247e-05,0.154228368,0.2474810166,0.4540531841,1,0.282563256,0.0001031316209,6.91568403e-05,1.671594161e-24,0.1481528015,0.6096848488,0.6323354664,0.4896080067,0.1997776093,9.808888472e-05,0.1016653563,0.4143381363,0.8741113692,0.6838427694,0.8122618232,0.5915084702,0.4807431434,0.1788096355,0.5270447382,0.6181857084,0.351483204,0.581332152,0.3919087192,0.1814691826,0.2718105003,0.4995777333,0.602875986,0.669114457,0.3905196323,0.4417523857,0.5421539407,0.08613410195,0.3524200551,0.6457910178,0.5784510919,0.1471582769,0.02294046008,0.8458968132,0.08925901482,0.3773645958,0.6008320021,0.2401754906,9.085785024e-05,0.9998943181,0.9534102618,0.05847486712,0.531021171,0.7553074836,0.5650620563,0.01265983837,0.02260432994,0.8462387889,0.08930531674,0.3784986873,0.6256086436,0.8138560075,0.2868738836,0.9999767015,9.1707003e-05,0.125270859,9.349624894e-05,0.5888749213,0.5822954741,0.0001026712819,0.6161745366,1,7.184639956e-05,0.3800750069,0.6457033426,0.5786091193,0,0.02513437743,0.8445202782,0.09134907273,0.3760188032,0.2534863631,0.48923328,9.688865813e-05,9.805692424e-05,0.9059027106,0.2615717641,0.3806482637,0.7524801357,0.8392593249,0.08978269139,0.02371149049,0.8382533281,0.08671646731,0.3762134928,0.6702219867,0.5790003175,0.08967299416,0.07461435339,0.1639922762,0,0.3756934052,0.6685836502,0.578035961,0.09060026767,0.03369621831,0.3719377097,0.08858478597,0.3768341325,0.8330914705,0.4179893915,0.3827114505,0.9232742762,0.8520229069,0.0001091034769,0.5814434332,0.3480586031,0.5258653468,0.05590521475,0.207559881,0.5423433869,0.1816050032,0.4613115005,0.4350197843,0.18623157,0.1024557752,9.472213174e-05,0.999963497,0.2166935752,0.7170477983,0.7289819965,0.577731324,0.08893576099,0.02298650794,0.8460766814,0,0.3751637344,0.6720337335,0.5786108432,0.08698350159,0.2726324269,0.8445929099,0.0902293888,0.377880501,0.7222042994,0.5785238782,0.08877072395,0,0.8463149702,0.08993593829,0.3770775015,0.7608738687,0.2538245358,0.08671872166,0.02337526056,0.8460126303,0.09172482874,0.3773484288,0.6384139974,0.4018434297,0.08938810385,0.02442887714,0.8455187506,0.09080702864,0.3775552333,0.9914826424,0.1849061097,0.4642000936,0.9834187301,0.1587153891,0.2760631189,0.9084517774,9.321083815e-05,0.6594701892,0.9095964828,9.495379388e-05,0.9999787329,0.728794634,0.9999750671,0.668114183,0.5762376207,0.08767424979,0.02545294842,0.7309823035,0.08849201311,0.3769318048,0.6680782374,0.577926837,0.08847383693,0,1,0.0890406689,0.3768891681,0.0002358839803,0.4503521317,0.1950043943,0.0001781388909,0.8475702613,0.3244133773,0.2585080204,0.678522437,0.7490974641,0.03699173269,0.0001363938233,5.421010862e-20,0.1480531894,0.9999664686,0.2215897879,0.7269426049,0.32212337,8.613671591e-05,0.9999914577,0.6131677085,0.9999877951,0.669461504,0.5975077219,0.08831724708,0.02188968633,0.8466838267,0.09084022627,0.3772582048,0.6702979271,0.5781509256,0.08871543039,0.005881526608,0.846868502,0.09021461216,0.3749789795,0.6718891652,0.5778034324,0.0891866572,0.08495627838,0.8473538635,0.09039515095,0.3746084013,0.6663427878,0.5771103623,0.1540752582,0.04593815763,0.8466849171,0.1061326713,0.3766077724,0.6697979017,0.5781486696,0.08644208685,0.03778862851,0.8447074911,0.09031041245,0.3768880942,0.6717457377,0.5761499951,0,0.01965226084,0.8451999875,0.1562125507,0.3599472806,0.6696137975,0.5765289666,0.08704918412,0.02331706643,0.8455393392,0.09070878163,0.6282588625,0.6699743027,0.5763121564,0.08871945767,0.02371853717,0.96136278,0.09058891639,0.3772708329,0.6710148939,0.5762022761,0.2053526936,0.02116447837,0.8472139428,0,0.378014291,0.6699732789,0.577109049,0.006753221343,0.02357870709,0.8481037134,0.1214275984,0.376951199,0.6682253276,0.5781375946,0.3122821598,0.0162972721,0.8471982299,0.2951188401,0.3778716493,0.669708209,0.5781655689,0.08651544295,0.02122718607,0.8454685608,0.02284136695,0.3766703381,0.6697361281,0.5776600765,0.1564859302,0.02303953596,0.844410478,0.3972763049,0.3768377786,0.6891381158,0.5715687486,0.0900947362,0.02408793258,0.8448944047,0.09023732919,0.003462908962,0.6699945755,0.6029506968,0.2333592852,0.02425978407,0.8467868474,0.1440964915,0.3774028984,0.6720041814,0.5762865708,0.08887373443,0.02506822365,0.8453135715,0.09033970644,0.1266510727,0.6707320779,0.5771322299,0.2151968922,0.02260987578,0.8462639475,0.0907868627,0.3778729412,0.6880822166,0.5627182983,0.08876089048,0.02442628267,0.8465095064,0.1563379326,0.3779980016,0.6691104877,0.578349069,0.1044058217,0.0234123234,0.8485120335,0.28250937,0.3775359057,0.6696996716,0.5769899119,0.1298573612,0,0.8447197119,0.1582464274,0.3762664337,0.6665730202,0.5535414068,0.086896548,0.02308956521,0.8447533122,0.1573011761,0.3761549259,0.6743097076,0.5718993483,0.08875912484,0.06002072162,0.8466102944,0.09158837593,0.3773074102,0.6699476601,0.5772973441,0.08914955019,0.02223534071,0.8472217445,0.09110782695,0.3783448727,0.6700402136,0.5772966486,0,0.02361240245,0.8455384037,0.1536033786,0.3758987051,0.6937530111,0.5781493235,0.08881299045,0.022642424,0.8471195192,0.152999194,0.378181306,0.6151695586,0.571664742,0.09522476645,0.02299912948,0.8457489956,0.1600583945,0.3758688299,0.2759932969,0.5007613077,0.1972658577,0.2399079552,0.9589167434,0.3298629778,0.42923258,0.6687979704,0.5783003789,0.08722307503,0.02252412843,0.8464110876,0.1583453827,0.3778955615,0.6707261828,0.5782840358,0.1030729743,0.02194920063,0.8480640244,0.1908005899,0.3757314473,0.1664954345,0.04166678395,0.7500000001,0.9583333971,0.1666661486,0.7500000002,0.7500000127,0.5584455334,0,0.1058338031,0.0225995491,0.8468388921,0.090892291,0.3772258525,0.6947616045,0.5778244213,0.08813684933,0.02336783261,0.8459692909,0.1513710156,0.3768824952,0.03257552439,0.1742626069,0.05585190592,0.05938111373,0.04750989768,0.1845830243,0.04342399922,0.5378974226,0.1097553382,0.9920431051,0.05454690202,0.04006836408,0.9860854546,0.04400664579,6.505213035e-19,0.8405132,0.6909325816,0.9832704939,0.05715384147,0.9579770168,0.05721542407,0.5392833288,0.4882583408,0.9999309464,0.9998822477,0.0006596267688,0.9998658725,0.999816563,0.109687771,0.1578308576,0.9679005643,0.9999932298,0.999997804,0.9969767554,0.981572321,0.2614751463,0.8519361819,0.02075870199,0.01668962024,0.01359536067,0.02033342148,0.9991298552,0.2395271918,0.4820934417,8.811891266e-05,0.0001056817009,0.8732075338,0.2648832243,0.3056071807,0.05764604294,0.8827604429,0.03020849654,0.04606523849,0.9999975031,0.0610280323,0.04687492089,5.251604273e-20,0.7517542433,0.9999831252,8.105885411e-05,0.4892660093,0.9999847069,8.152075961e-05,0.006841585616,0.503267729,0.9972775421,0.9981040476,0.01523095926,0.9961435591,0.01303861241,0.7807846352,0.05653228449,0.08723014391,0.0225182537,0.8447162494,0.09046308999,0.3769532726,0.1567509408,0.8334964254,0.9999774401,0.0001061748321,0.5444160503,0.9999676009,0.0001004576205,0.26455229,0.3526756533,0.999932124,0.998041433,0.8661817975,0.9982925146,0.5627606725,0.2611806839,0.2665838072,0.9999961707,0.999951481,1.344562852e-07,0.9873209282,0.9999515008,0.2127742528,0.5087329656,0.9999712297,0.9999795466,0.2252541527,0.9574323169,0.9999436758,0.3072490531,0.1457958366,0.9992094159,0.1322928137,0.1693601015,0.9985859742,0.9995758937,0.6694177794,0.5779537156,0.08789438622,0.02317498779,0.8464743159,0.156840974,0.3753002916,0.6691464041,0.5795003011,0.08863361208,0.02188614142,0.8457576687,0.09155990902,0.6285639503,0.6721761287,0.5759670685,0,0,0.847687317,0,0.3781466227,0.5,0.1666666667,0.5,0.5,0.5,0.5,0.5,0.5,0.5,0.5,0.1666666667,0.5,0.5,0.5,0.5,0.5,0.5,0.8333333333,0.5,0.5,0.5,0.6702610018,0.3279602691,0.09034210352,0.02371132705,0.9023494829,0.08946185065,0.3773444302,0.5,0.5,0.5,0.5,0.8333333333,0.5,0.5,0.5,0.5,0.5,0.5,0.5,0.5,0.1666666667,0.5,0.5,0.5,0.5,0.5,0.5,0.8333333333,0.5,0.9583333333,0.5,0.5,0.5,0.8333333333,0.5,0.75,0.5,0.1666666667,0.5,0.75,0.8333333333,0.5,0.75,0.5,0.1666666667,0.5,0.5,0.9583333333,0.75,0.75,0.499999992,0.1666666667,0.4999977623,0.3232233047,0.9583333333,0.3232233047,0.75,0.4999999978,0.1666666667,0.4999993945,0.6154849416,0.9583333333,0.452164571,0.7751014095,0.4999999979,0.1666666667,0.499999428,0.3834545375,0.9583333333,0.4548097889,0.7751014095,0.5000000022,0.1666666667,0.4999997056,0.5014249458,0.9583333333,0.6249918779,0.7909269425,0.5348857616,0.1268402875,0.567561341,0.5554771029,0.9494998089,0.4611337579,0.7752826144,0.4998614401,0.1457838189,0.4999999208,0.4603474275,0.9592356979,0.4517240083,0.7751014095,0.5,0.1458875528,0.5,0.5,0.9583333333,0.5,0.1666666667,0.5,0.8333333333,0.5,0.3888888889,0.1666666667,0.5,0.1666666667,0.5,0.8333333333,0.5,0.6111111111,0.1666666667,0.5,0.1666666667,0.5,0.8333333333,0.5,0.5,0.1666666667,0.3888888889,0.1666666667,0.75,0.8333333333,0.5,0.5,0.05555555556,0.6111111111,0.1666664665,0.4999781675,0.9861111389,0.250000001,0.4999980801,0.05555552146,0.7500003532,0.1537446213,0.4997675346,0.986099817,0.5054570137,0.5000060581,0.05556662863,0.4377436208,0.155595603,0.5004288411,0.9861784298,0.5001790677,0.506055029,0.05555057079,0.5624966902,0.6609290956,0.5757340186,0.08895732807,0.02245674057,0.8459341057,0.08878953917,0.3770885089,0.6721597163,0.5878257121,0.08732249228,0.02175033795,0.8459617647,0.09114611615,0.3781994914,0.1615694175,0.496045096,0.9777825397,0.5007560174,0.5414456649,0.05192744347,0.5023198293,0.1532613084,0.4995547907,0.9863536781,0.4879926082,0.4803871526,0.05383191145,0.483782147,0.6714380622,0.5838748915,0.08703847073,0.02217297291,0.8472946783,0.09187603194,0.3768835114,0.1666666667,0.8333333333,0.1666666667,0.5,0.1666666667,0.1666666667,0.5,0.1666666667,0.5,0.1666666667,0.8333333333,0.1666666667,0.1666666667,0.5,0.1666666667,0.5,0.1666666667,0.5,0.1666666667,0.1666666667,0.1666666667,0.1666666667,0.5,0.1666666667,0.5,0.1666666667,0.1666666667,0.8333333333,0.1666666667,0.1666666667,0.1666666667,0.1666666667,0.2916666667,0.1666666667,0.5,0.7092828149,0.5788093103,0.08817831004,0.02392228504,0.8464339878,0.09171181813,0.3776373055,0.1666666667,0.1666666667,0.1666666667,0.1666666667,0.1666666667,0.1666666667,0.75,0.6559915037,0.5790217665,0.08968114761,0.02277051127,0.846394162,0.08980351351,0.3772571232,0.6992452683,0.5791437082,0.08907609523,0.02212878844,0.8454317674,0.08958943289,0.3771201758,0.1666666667,0.1666666667,0.1666666667,0.1666666666,0.07827831902,0.1666666667,0.3232233047,0.1666666667,0.1666666667,0.1666666667,0.1666666667,0.1224724928,0.1666666667,0.4116116524,0.1666666667,0.1666666667,0.1666666667,0.1608952686,0.204799884,0.1666666667,0.544675843,0.1666666667,0.1511101374,0.1666666667,0.1608952685,0.1890045882,0.1666666667,0.4237335654,0.157300789,0.1758847773,0.135761056,0.131048999,0.1955737127,0.1666666667,0.4740323941,0.2916666667,0.9583333333,0.2916666667,0.1666666667,0.2916666667,0.1666666667,0.5,0.2916666667,0.9583333333,0.2916666667,0.1666666667,0.1666666667,0.2916666667,0.75,0.2916666667,0.9583333333,0.2916666667,0.1666666664,0.07827831902,0.2916666667,0.3232233047,0.2916666667,0.9583333333,0.2916666667,0.1666666666,0.2244091374,0.2916666667,0.452164571,0.2916666667,0.9583333333,0.2916666667,0.1666666666,0.1083939354,0.2916666667,0.4548097889,0.2916666667,0.9894463919,0.2916666667,0.1666666666,0.1673791396,0.2916666667,0.6249918779,0.2916666667,0.9894463919,0.3124457806,0.1401412654,0.2010930428,0.2916666667,0.3956721585,0.8333333333,0.5,0.5,0.5,0.1666666667,0.5,0.5,0.5,0.1666666667,0.5,0.5,0.1666666667,0.5,0.5,0.5,0.8333333333,0.5,0.5,0.1666666667,0.5,0.5,0.5,0.5,0.5,0.8333333333,0.1666666667,0.5,0.5,0.1666666667,0.8333333333,0.5,0.5,0.5,0.5,0.5,0.5,0.8333333333,0.5,0.5,0.8333333333,0.5,0.5,0.5,0.8333333333,0.5,0.5,0.5,0.5,0.1666666667,0.5,0.8333333333,0.5,0.5,0.5,0.5,0.8333333333,0.8333333333,0.8333333333,0.5,0.1666666667,0.5,0.5,0.5,0.5,0.8333333333,0.75,0.1666666667,0.75,0.1666666667,0.5,0.5,0.8333333333,0.75,0.1666666667,0.5,0.1666666667,0.75,0.4998579973,0.8333333333,0.75,0.1666666667,0.3232233332,0.1666666667,0.3232233332,0.4999289987,0.8333333333,0.75,0.1666666667,0.4116116666,0.1666666667,0.4116116666,0.4749925962,0.8333333333,0.75,0.1666666667,0.6209617486,0.1666666667,0.4684094024,0.4748985986,0.8022202748,0.75,0.1666666667,0.5000195091,0.1666666667,0.5,0.8333333333,0.8333333333,0.5,0.8333333333,0.5,0.5,0.5,0.5,0.8333333333,0.75,0.9583333333,0.5,0.1666666667,0.5,0.5,0.8333333333,0.1666666667,0.5,0.3888888889,0.5,0.5,0.5,0.8333333333,0.1666666667,0.5,0.5,0.5,0.3888888889,0.5,0.8333333333,0.1666666667,0.5,0.5,0.5,0.6111111111,0.6111111111,0.8333333333,0.1666666667,0.5,0.6111111111,0.5,0.5,0.6111111111,0.7222222222,0.1666666667,0.6111111111,0.75,0.75,0.5,0.6111111111,0.7222222222,0.1666666667,0.6111111111,0.5,0.75,0.75,0.6111111107,0.7222221225,0.1666666667,0.6111111111,0.3731570488,0.75,0.2845681877,0.6111111111,0.6599960492,0.1666666667,0.6111111111,0.4671327539,0.75,0.3793984188,0.6531410623,0.7237635668,0.1641090642,0.6111111103,0.4222273213,0.7632995328,0.6581764734,0.611111111,0.7222222382,0.1686515634,0.6111111104,0.6536978351,0.75,0.587466862,0.6086376629,0.7222222442,0.1808261152,0.6097615112,0.5357970065,0.7400029821,0.6207950549,0.6106437037,0.7220336636,0.1665255083,0.5578391512,0.4836577629,0.7499530697,0.4396775624,0.6115782774,0.7224106836,0.1668077522,0.5582813516,0.5163422783,0.7500718179,0.5603224047,0.6105703797,0.7218467691,0.166569832,0.5580491665,0.4702169134,0.7500153043,0.5017042437,0.7033771117,0.8579294888,0.05397998897,0.5281150495,0.4459118761,0.3791402348,0.4708203751,0.5770871666,0.806104296,0.06053931765,0.5402110605,0.5733664689,0.3695962979,0.444455598,0.5762337101,0.8072398037,0.05498480008,0.5492714469,0.5256311637,0.3761264165,0.4323883358,0.5726215594,0.8029587032,0.05445623346,0.5673474721,0.5424174271,0.3662070357,0.5071603331,0.6210191028,0.8265056465,0.05420953306,0.5101725981,0.5034857241,0.3949190476,0.4762324838,0.1666666667,0.1666666667,0.5,0.5,0.5,0.5,0.5,0.1666666667,0.5,0.5,0.5,0.8333333333,0.5,0.5,0.1666666667,0.5,0.5,0.5,0.5,0.5,0.1666666667,0.1666666667,0.5,0.5,0.5,0.5,0.5,0.8333333333,0.1666666667,0.5,0.5,0.9583333333,0.5,0.8333333333,0.5,0.1666666667,0.5,0.5,0.1666666667,0.1666666667,0.5,0.5,0.1666666667,0.5,0.5,0.1666666667,0.75,0.8333333333,0.5,0.1666666667,0.5,0.5,0.1666666667,0.25,0.9583333333,0.4999999968,0.1666666667,0.4374576817,0.4997115392,0.1405467039,0.4270606392,0.9585710757,0.5870930248,0.1832934967,0.4497148816,0.5000000006,0.1666673484,0.5045694399,0.9583691907,0.5070608333,0.1666666667,0.5,0.1666666667,0.5,0.5,0.8333333333,0.6111111111,0.2777777778,0.6111111111,0.1666666667,0.5,0.5,0.8333333333,0.5,0.05555555556,0.3888888889,0.1666666667,0.5,0.75,0.9583333333,0.75,0.05555555555,0.3888888889,0.1666666667,0.5,0.75,0.9583333333,0.25,0.1649303496,0.385879586,0.1665754416,0.6344067018,0.4821758917,0.8333105257,0.7512143876,0.1582435015,0.6262577459,0.1666661531,0.4955108671,0.447581508,0.8333332049,0.7500056389,0.1582481689,0.6264058019,0.1666661531,0.4954704506,0.6248996021,0.8333332049,0.7500056389,0.1582416131,0.6262079876,0.1458870387,0.4955457858,0.3748996923,0.8333332049,0.7500056389,0.1401278994,0.6306511054,0.1456636002,0.5654780477,0.5624038719,0.8490265593,0.745038577,0.1395337304,0.6616361444,0.1456665601,0.5640861634,0.4998858349,0.8490095871,0.7462694262,0.0612174415,0.3432070805,0.1347990335,0.4881205845,0.4266183411,0.8333388221,0.8286449638,0.1145634463,0.2960624719,0.143380343,0.5006929113,0.4500778348,0.8554942458,0.6175672841,0.09650666004,0.39447482,0.1433894537,0.5755433999,0.4328474756,0.9002601547,0.7397462688,0.07008283148,0.3514314932,0.1372619215,0.5386288026,0.6006558518,0.833963643,0.8033614073,0.09907975251,0.4443176015,0.143388375,0.5453257748,0.6194020528,0.8530550056,0.6127822128,0.08201313443,0.4910278045,0.1433924922,0.5156414253,0.6336420817,0.8732096893,0.8995025398,0.05564823529,0.5124338941,0.1434045218,0.4864300985,0.6519792463,0.8842567481,0.7786627897,0.1008572106,0.4400165078,0.1434474263,0.5585656634,0.5958015458,0.8470076253,0.7248447801,0.06609754615,0.4013467072,0.1359609608,0.4611828901,0.3560515969,0.8327427581,0.8083400878,0.09081221151,0.4956157323,0.1432084301,0.4870749718,0.4394444349,0.8330717354,0.7891966271,0.09439529377,0.4631554952,0.1434483583,0.4890402183,0.5598778358,0.8335791155,0.7889862159,0.08691946056,0.4783567782,0.1433927257,0.4869067312,0.5000317882,0.8333328449,0.788769564,0.09875988373,0.5205071734,0.143016911,0.5149271547,0.3948468947,0.8842310407,0.7013919231,0.0988380156,0.4931221866,0.1426626228,0.5011794093,0.5099378805,0.8760753308,0.6720411048,0.1005453722,0.4896532775,0.1364212923,0.5100194491,0.5342822447,0.8768244931,0.7199748098,0.1040720627,0.3647139636,0.1427100337,0.4893654799,0.396079154,0.8334060725,0.6561841718,0.1030007697,0.4743371092,0.1440614541,0.4886373579,0.3898253647,0.8812290639,0.7772840922,0.07267989345,0.4437536902,0.136593391,0.4650817474,0.3692728176,0.8332611184,0.6109052556,0.08797548316,0.4515990755,0.1430936212,0.4864354818,0.3820870616,0.8333360607,0.8659666374,0.09100761787,0.4493102113,0.1312869675,0.4441219876,0.3533227727,0.8368618635,0.7321097018,0.08398579554,0.4829022385,0.1520945044,0.5008949622,0.4857366307,0.8516342068,0.7127475036,0.1526912048,0.5181922681,0.1475539661,0.510316302,0.5267865704,0.8140170059,0.7602714663,0.1397310648,0.3466913317,0.155625966,0.5743771213,0.5274180039,0.8318650472,0.4309575485,0.1560809169,0.3992057426,0.155686179,0.539942745,0.4409788261,0.837565747,0.4691510852,0.1742560295,0.4010792557,0.156230161,0.5342178947,0.5546415298,0.8423415325,0.4692005739,0.1579367439,0.4067706115,0.1564392294,0.5392206551,0.5075002764,0.8458459149,0.471338949,0.05555555556,0.6111111111,0.2916666667,0.6388888889,0.75,0.5,0.5,0.05555555555,0.6111108515,0.2916666667,0.6388888889,0.25,0.5,0.4999996217,0.05137197863,0.7145345651,0.3149624116,0.6388888925,0.5000001981,0.4999999801,0.4297960881,0.04261849931,0.6504051926,0.3084517323,0.6648725714,0.56123196,0.4999954197,0.560596125,0.04457123778,0.6510289696,0.3072864793,0.6638250974,0.4375190018,0.522009345,0.5567077204,0.04627398923,0.6619005308,0.321630538,0.6637772787,0.4881548599,0.5232335376,0.5523775125,0.04261473534,0.6666043714,0.3042393785,0.6388009116,0.480680012,0.5263157095,0.475930902,0.05544412679,0.3177354541,0.05555288314,0.3838183309,0.3227706412,0.8611616114,0.498666737,0.04655116668,0.3706970337,0.05531905279,0.3297980594,0.3591124409,0.8655802674,0.3820092575,0.04659171625,0.3985883146,0.04862803558,0.285395746,0.4118261479,0.740019546,0.499843905,0.04343867869,0.4745082225,0.05065165437,0.4437155641,0.4008913418,0.8629296129,0.4519895106,0.03762610001,0.5322975723,0.04173709377,0.5088469007,0.4882825626,0.8159652399,0.5190849603,0.277777775,0.1388888889,0.1666666666,0.5,0.7500000015,0.3888888889,0.4999999996,0.2620470725,0.2663219663,0.1417086872,0.508413745,0.7112798981,0.390764831,0.4989910234,0.2681371887,0.3871595399,0.1407537032,0.5000226482,0.8744987265,0.3898575165,0.500892983,0.3077142984,0.3837483117,0.1522579135,0.5532210649,0.7534648045,0.3885231554,0.5057923604,0.2777777763,0.254209708,0.1666666667,0.5,0.2550785461,0.3888888852,0.4999996914,0.2592994398,0.2927912336,0.1664897435,0.4998296498,0.5516778345,0.3888113261,0.5669908453,0.278415159,0.4805389831,0.1666632304,0.7500002921,0.3782550298,0.3883466481,0.4100143699,0.277777733,0.2688353758,0.1433734359,0.75,0.3701340555,0.3701373495,0.6249902917,0.277777733,0.2689262497,0.143370921,0.75,0.3701592646,0.3894792338,0.4999902931,0.2848785363,0.4868859397,0.1433701549,0.7500003432,0.6024423607,0.3882517976,0.3942738076,0.2789558938,0.2916642082,0.1433701187,0.7500000569,0.6410641099,0.3887831902,0.5528381579,0.2789193985,0.3556050611,0.1427637115,0.8747447926,0.6194326112,0.3921543542,0.4374250699,0.2400890121,0.5351621193,0.1924305842,0.7994823025,0.6679450809,0.4950824182,0.4961160922,0.2508200213,0.446281266,0.1964724823,0.806693312,0.6125605829,0.4796397993,0.5734013745,0.3237704564,0.4483551754,0.1551209096,0.8164704058,0.6313206471,0.3925064692,0.5207356153,0.3244435564,0.3749910539,0.1210727369,0.882676001,0.5833245907,0.4032081267,0.5219401402,0.2149233839,0.4287345538,0.1506653199,0.7152744733,0.6804290385,0.3756890424,0.4404531318,0.2729276462,0.3861843869,0.1280095245,0.7684754334,0.6031441038,0.3930083616,0.4804549069,0.2887142832,0.3191743878,0.1381842939,0.7480980527,0.4828779313,0.3859841486,0.4476365998,0.2945551492,0.3292093688,0.1406240003,0.7218156209,0.5005315613,0.3885673715,0.5638707392,0.28839119,0.3577700039,0.141825431,0.7278540188,0.4806898903,0.3883649184,0.5078025457,0.05555555539,0.3888888671,0.2916666667,0.6111111101,0.7500000001,0.6388888889,0.375,0.05137198771,0.3888888889,0.2916666667,0.6111111111,0.75,0.6388888889,0.6250000005,0.03074554957,0.3266628641,0.2916666667,0.6111111111,0.75,0.6264628287,0.487573943,0.0554407778,0.3737128733,0.29166851,0.6104025149,0.249987891,0.3885801087,0.3757861883,0.05555542556,0.40741352,0.2916666688,0.6111103085,0.2499292005,0.3888885392,0.6234764483,0.05555542555,0.3981426102,0.2916666688,0.6111103085,0.2499646203,0.3888885405,0.5616678811,0.05555541131,0.3888707971,0.2916666688,0.6111102375,0.2203053293,0.3888885356,0.4998482115,0.6705443959,0.5786168803,0.08757611998,0.02238017508,0.8459742706,0.09057753191,0.3770862575,0.05134019697,0.3119630567,0.291668508,0.6104033091,0.5002548469,0.3885804547,0.3789023728,0.6699848857,0.5777525215,0.08812691996,0.03940370339,0.845631663,0.09031482636,0.3780175212,0.6686732854,0.5744368177,0.0889784109,0.02353721531,0.846037824,0.08840723858,0.377683528,0.04306015082,0.2675273277,0.2921480855,0.6111115966,0.5480148053,0.3082464364,0.6319013737,0.6678348417,0.5766028499,0.09003705656,0.02289573162,0.8465012803,0.08981366293,0.3768484184,0.05137199354,0.3331707707,0.2916589423,0.6111111093,0.4999013074,0.3888888732,0.6328745816,0.668217502,0.5779540057,0.08811862609,0.02185082595,0.846140757,0.08998012055,0.3774644084,0.03685109001,0.3115395785,0.2852558761,0.6063120137,0.5321951928,0.3972681666,0.5371391677,0.6721606507,0.5784823698,0.08903356662,0.03975285656,0.8467850273,0.08959834652,0.3765346118,0.04565288671,0.3154389232,0.2913861339,0.611171611,0.4632694019,0.3449576302,0.4988943243,0.6717190964,0.5768315601,0.08912232497,0.03083100218,0.8461479846,0.09032556546,0.3771351434,0.06223665,0.3725299902,0.2788638496,0.6186822918,0.5046692497,0.3739978804,0.5070988231,0.2916666667,0.787037037,0.05555555556,0.5,0.537037037,0.5,0.537037037,0.2916666667,0.537037037,0.05555555556,0.75,0.537037037,0.5,0.537037037,0.3564814815,0.5,0.05555555556,0.5,0.462962963,0.5,0.537037037,0.3564814815,0.712962963,0.01851851852,0.712962963,0.75,0.537037037,0.537037037,0.3564814815,0.712962963,0.01851851852,0.712962963,0.5,0.787037037,0.787037037,0.3564814815,0.712962963,0.01851851852,0.712962963,0.3232233047,0.787037037,0.3602603417,0.3564814815,0.712962963,0.01851851852,0.712962963,0.6154849416,0.787037037,0.489201608,0.6730343306,0.5766875794,0.08563688652,0.02330728523,0.8466530333,0.08970587789,0.3773819264,0.3564814815,0.712962963,0.01851851852,0.712962963,0.4548097889,0.787037037,0.6535824995,0.3564814815,0.712962963,0.01851851852,0.712962963,0.5451902111,0.787037037,0.4204915746,0.6705487374,0.579904486,0.08878693995,0.0582723304,0.8468252785,0.09018382008,0.3772103191,0.3838427104,0.7134970364,0.01872356212,0.7836691128,0.4976718869,0.7864958223,0.5371223463,0.3569653453,0.2129642181,0.01851851498,0.71298809,0.4999964554,0.7870391938,0.7870387174,0.3718212317,0.462962963,0.01851851852,0.712962963,0.5,0.787037037,0.787037037,0.6698504376,0.5763443646,0.08986194495,0.02245411793,0.8458631891,0.09004430295,0.3771794411,0.8333333333,0.5,0.5,0.5,0.5,0.5,0.5,0.5,0.5,0.1666666667,0.5,0.5,0.5,0.5,0.6699571203,0.5787387564,0.0883170662,0.0240543527,0.8446986099,0.0889437882,0.378530404,0.5,0.5,0.8333333333,0.5,0.5,0.5,0.5,0.5,0.5,0.5,0.5,0.1666666667,0.5,0.5,0.5,0.5,0.5,0.5,0.5,0.1666666667,0.5,0.5,0.5,0.5,0.5,0.5,0.8333333333,0.5,0.6694056496,0.5780383404,0.0883463582,0.02313414599,0.8470660942,0.09003183514,0.377882178,0.1666666667,0.5,0.1666666667,0.5,0.5,0.5,0.5,0.1666666667,0.5,0.8333333333,0.5,0.5,0.5,0.5,0.1666666667,0.5,0.5,0.1666666667,0.5,0.5,0.5,0.1666666667,0.5,0.5,0.8333333333,0.5,0.5,0.5,0.1666666667,0.5,0.5,0.5,0.1666666667,0.5,0.5,0.1666666667,0.5,0.5,0.5,0.5,0.1666666667,0.5,0.1666666667,0.5,0.5,0.5,0.5,0.8333333333,0.5,0.05555555556,0.5,0.5,0.5,0.5,0.5,0.5,0.2777777778,0.5,0.5,0.5,0.5,0.5,0.5,0.1666666667,0.3888888889,0.5,0.5,0.5,0.5,0.5,0.1666666667,0.6111111111,0.5,0.5,0.5,0.5,0.5,0.6693696933,0.5746126694,0.08673381659,0.02321246576,0.8440964863,0.09005490565,0.3768230138,0.1666666667,0.5,0.3888888889,0.5,0.5,0.5,0.5,0.1666666667,0.5,0.6111111111,0.5,0.5,0.5,0.5,0.1666666667,0.5,0.5,0.3888888889,0.5,0.5,0.5,0.1666666667,0.5,0.5,0.6111111111,0.5,0.5,0.5,0.1666666667,0.5,0.5,0.5,0.5,0.3888888889,0.5,0.1666666667,0.5,0.5,0.5,0.5,0.6111111111,0.5,0.5,0.8333333333,0.8333333333,0.5,0.5,0.5,0.5,0.5,0.8333333333,0.5,0.1666666667,0.5,0.5,0.5,0.5,0.8333333333,0.5,0.8333333333,0.5,0.5,0.5,0.5,0.8333333333,0.5,0.5,0.5,0.1666666667,0.5,0.5,0.8333333333,0.5,0.5,0.5,0.8333333333,0.5,0.5,0.8333333333,0.1666666667,0.1666666667,0.5,0.5,0.5,0.5,0.8333333333,0.1666666667,0.8333333333,0.5,0.5,0.5,0.5,0.8333333333,0.1666666667,0.5,0.1666666667,0.5,0.5,0.5,0.8333333333,0.1666666667,0.5,0.8333333333,0.5,0.5,0.6699837323,0.5771345157,0.08825750892,0.02210236506,0.846144511,0.08991619574,0.37638434,0.5,0.8333333333,0.1666666667,0.5,0.5,0.1666666667,0.5,0.6695817441,0.5765489204,0.08780173881,0.02367484496,0.8449329912,0.09072812971,0.3774452627,0.5,0.8333333333,0.1666666667,0.5,0.5,0.8333333333,0.5,0.2777777778,0.3888888889,0.5,0.5,0.3888888889,0.5,0.5,0.2777777778,0.6111111111,0.5,0.5,0.3888888889,0.5,0.5,0.2777777778,0.5,0.3888888889,0.5,0.3888888889,0.5,0.5,0.670017642,0.5786779838,0.08819888906,0.02281615399,0.84537626,0.09013623431,0.377239714,0.2777777778,0.5,0.6111111111,0.5,0.3888888889,0.5,0.5)
