mCurrentIter=409
mCounterStuck=0
mYPrev=0.7628954
mParameters.n_iterations=600
mParameters.n_inner_iterations=500
mParameters.n_init_samples=10
mParameters.n_iter_relearn=50
mParameters.init_method=1
mParameters.surr_name=sGaussianProcess
mParameters.sigma_s=1
mParameters.noise=1e-06
mParameters.alpha=1
mParameters.beta=1
mParameters.sc_type=SC_MAP
mParameters.l_type=L_EMPIRICAL
mParameters.l_all=0
mParameters.epsilon=0
mParameters.force_jump=20
mParameters.kernel.name=kMaternARD5
mParameters.kernel.hp_mean=[1](1)
mParameters.kernel.hp_std=[1](10)
mParameters.mean.name=mConst
mParameters.mean.coef_mean=[1](1)
mParameters.mean.coef_std=[1](1000)
mParameters.crit_name=cEI
mParameters.crit_params=[0]()
mY=[419](7.380617,4.223368,3.812558,1.85743,11.93533,1.571236,7.801426,2.034888,10.05023,0.4513002,24.52997,1.620494,13.18479,2.152762,2.755659,2.849782,2.008063,16.16452,2.002451,2.447856,2.474216,3.492461,2.820902,2.047182,3.890266,2.265806,14.29431,2.009043,2.128675,11.01669,4.136011,15.99267,2.107348,17.88546,15.16255,2.15742,2.132413,4.382114,15.7759,1.118809,8.708084,14.24895,7.37678,2.910199,2.70606,3.171494,15.72597,1.766612,18.82481,2.296199,1.916969,3.178526,5.194313,15.47047,19.54111,3.924675,3.292042,5.335588,6.08162,2.727422,18.81052,3.221914,12.93788,16.73775,16.31525,16.00802,2.588463,16.24929,16.01143,12.7544,17.90475,16.42707,15.85145,8.715935,1.520719,15.07381,16.36892,1.617128,13.31025,4.963311,15.90563,2.270195,13.34666,15.18848,15.50452,17.32534,15.9298,18.70989,15.50952,13.3023,14.58643,18.39923,14.61516,13.82017,19.03864,15.68537,14.4134,13.47893,17.17211,17.65784,14.43389,16.96514,15.30046,15.97726,2.938805,2.893191,15.57455,15.77744,2.88672,2.897128,1.177702,1.247506,14.40353,17.73594,16.17884,14.9695,2.935779,4.72289,1.410557,2.390433,1.425298,1.20567,1.67313,1.619816,15.73477,3.124867,15.59172,1.841917,16.32253,13.55508,1.378554,1.307508,15.65646,12.66367,15.76021,17.58225,3.090598,1.767287,15.46452,2.79815,15.50257,3.490441,15.73093,1.211667,1.335632,4.012586,1.253919,15.34318,1.729766,2.415928,15.65909,3.767642,2.196308,2.600862,2.804775,2.634474,21.4478,14.05132,1.342164,2.958239,15.77639,1.900226,2.641047,1.514392,2.95483,1.312312,1.721573,1.733087,2.896775,2.972541,15.59793,3.135023,2.997032,3.04335,6.681654,6.571236,6.707644,6.672134,6.744456,6.591592,6.730908,6.67921,1.819807,4.274386,4.063613,1.65391,8.207586,16.31937,3.989766,1.927305,1.879568,15.77218,1.595279,15.30809,1.808289,3.415587,2.097034,15.37468,1.653311,6.259413,5.005029,5.15655,6.667579,4.681564,5.702391,5.246977,5.958175,5.645243,5.088212,2.744951,2.984869,14.1026,1.665532,1.328155,1.440906,11.66959,0.7133454,0.9805013,1.341964,2.010816,1.84725,1.673042,2.036524,1.490562,1.613597,3.067563,15.81929,2.409949,1.079016,1.709135,1.255189,4.948823,2.902884,2.941316,3.033452,2.992507,2.959094,6.717239,1.969983,3.035321,2.987311,3.041843,2.954032,1.485692,16.16601,13.91231,14.45944,14.60009,14.02281,2.130898,20.29924,17.00126,1.630204,13.74031,13.67434,1.933563,1.456474,0.7630454,1.120928,1.326301,1.261042,1.599963,1.740447,1.463323,1.381703,1.330577,1.069795,1.823438,0.7629454,1.146829,2.42271,1.044332,1.063337,1.423985,1.814892,1.658513,1.520302,1.606705,1.986503,2.132905,1.3731,1.195805,2.053557,1.898154,2.545799,1.351925,1.344793,2.208556,1.317474,2.672004,1.970287,1.259656,1.741008,1.801593,1.760953,1.561347,1.359638,2.496012,2.258455,1.520487,1.479099,1.505281,1.562998,2.598137,0.8614656,1.008831,1.697775,2.234461,2.603112,1.734347,1.92291,1.932303,2.396562,1.518824,1.860572,2.248366,1.243277,1.996751,2.848138,1.405562,2.376682,2.835967,2.292285,1.587262,1.189136,0.8862299,1.062204,2.651863,2.286279,2.886995,2.444073,2.974012,3.281977,3.330076,1.295585,1.811161,2.843176,1.194728,12.70779,2.091762,1.722166,1.941968,2.713817,0.5081001,1.489011,1.720831,1.767506,0.9507987,1.192193,0.8825025,0.8618489,0.8635275,1.127743,0.8272989,0.9970001,1.740266,1.520618,0.5601942,0.7254215,0.6357144,0.8824418,1.021643,1.082748,0.9898346,0.8995001,14.30492,2.687914,1.714242,1.346354,3.456162,1.527704,0.6634323,1.071306,0.724843,0.8676727,0.7307644,0.951993,0.5428739,0.8259561,1.365738,0.9977799,2.091351,1.765514,1.340839,0.5996394,0.9717189,0.741013,1.097638,1.347894,1.976831,0.5921835,0.9462454,0.5832573,1.113474,0.6148739,0.6992358,0.4417904,0.6441989,0.8255942,0.9361227,0.6718608,0.7891799,1.036038,1.432433,1.844758,0.9229418,12.18069,2.102544,1.387679,0.5490132,1.101258,1.54488,0.8131454,12.78795,0.557718,1.011723,0.5994715,0.6603001,0.7628954)
mX=[419,7](0.5115081026,0.1207194093,0.009757414483,0.4180034818,0.20392817,0.2307989459,0.4750733525,0.3444005556,0.3707912182,0.5057222085,0.1405992549,0.4357121772,0.197417939,0.3399696268,0.6069191815,0.8078741464,0.3285680172,0.7327887359,0.1228283564,0.408151586,0.7529260486,0.4117298445,0.6546926783,0.4179015232,0.07412435191,0.9406123155,0.08942132192,0.5364957719,0.09232506638,0.02755401691,0.1926129511,0.8342999321,0.7275016907,0.7498336415,0.6157552578,0.9189631444,0.7154186583,0.8879465548,0.933087381,0.02146388185,0.6342653275,0.8885499119,0.1800279344,0.2419167545,0.2000594224,0.6087968478,0.8905545339,0.3721824537,0.01607583286,0.8908815022,0.9797229915,0.7104738786,0.348498139,0.3470676412,0.8368427311,0.159148757,0.2548181744,0.4079272146,0.9656274447,0.2212228683,0.6825620159,0.9676566567,0.9189480717,0.7659219106,0.59747756,0.6832283667,0.5020044503,0.5712234393,0.5313728584,0.2221489971,0.9556168133,0.5948217579,0.9999712791,0.3194184834,0.800342434,0.3863719851,9.928615746e-05,0.6461206297,0.6046342642,0.3115407312,0.7508696231,0.3267013289,0.7713997197,0.3034424403,0.6625220924,0.5933336962,0.7484340844,0.4518552151,0.5534047125,0.5235361895,0.4287567819,0.7947694819,0.6439525765,0.0001189439348,0.9999833224,0.0776600741,0.7120143617,9.323788118e-05,0.2033149362,0.7614972028,9.838497815e-05,7.631054767e-05,0.9101893602,9.662130237e-05,0.3405240147,0.7657114935,0.5970296416,0.6541914486,0.5365249467,0.5704071454,0.8909179751,0.1804440854,0.8606299611,0.9738405053,9.163954043e-05,0.9999710029,9.029179429e-05,0.6592776022,0.9999669419,0.7284594825,0.6246934893,0.0001051133248,0.8767612701,0.6475964392,0.5699250249,0.1104718212,0.7662222168,0.5975177699,0.8950037895,0.472244112,0,0.5476143543,0.221997661,0.6969687359,0.697989398,0.1038173002,0.9999944479,0.0001226061135,0.9691882723,0.3690178392,0.4273840324,0.8920974866,0.4624473307,3.841829254e-05,0.3194388124,0.0001001254094,0.9999682396,0.2147108663,0.5397179233,0.4674654979,8.515597366e-05,0.9999683032,9.480540958e-05,0.6844480357,0.6392546761,0.9867568353,0.5716857484,0.5475580098,9.40532113e-05,0.4506794916,0.7859883818,0.7997414952,0.6031533519,0.4313357265,0.6611508386,8.64254292e-05,0.7442417473,0.1931140325,0.513222596,0.6104951769,0.5345718543,0.9999482195,3.861303941e-05,0.9998793194,0.0001088490723,0.7502849377,0.7215540536,0.9814588928,0.9999758533,9.989169868e-05,0.7203691272,0.02495616853,0.7638743745,0.5967949926,0.9681541323,0.3662284496,0.5703017325,0.6246657702,0.206258602,0.8208674147,0.6008228622,0.6149496625,0.8758970291,9.217152556e-05,0.2517607337,0.403778152,0.7916214204,0.594680026,0.5447014473,0.5836027203,0.07557410649,0.4320533923,0.2342097117,0.7544132262,0.5171221621,0.1571204275,0.9999801759,0.5085073776,0.9999789588,0.1359184403,0.7942517486,0.7258803793,1,1,0.3478715944,0.003531728652,0.8421661767,0.7832307072,0.5965143945,0.683149183,0.7783465948,0.5699364377,0.5316238671,0.2215510384,0.7039959003,0.6870306908,6.823943183e-05,0.0001006389927,9.952013796e-05,0.7928030576,0.0001069464078,0.765888492,0.6077200103,0.6099604025,0,0.5535844306,0.1271173466,0.2246137617,0.7676725601,0.5981000406,0.1854717623,0,0.5683536782,0.5307289603,0.2229427615,0.7636945766,0.616282996,0.6749026075,0.442534973,0.07768745748,0.5317950691,0.2107139276,0.7411695129,0.5041017876,0.9958816784,0.4156185723,9.20597927e-05,0.3245126488,0.1920460689,0.4489911868,0.8575742443,0.2546789345,0.9866734402,9.030145725e-05,0.1558056646,0.9937695836,0.349032628,0.7177941596,0.4169684386,0.2686576599,1,6.6174449e-24,0.6000316116,0.1419060044,0.6378577054,9.697913798e-05,8.880853246e-05,0.8746066094,0.2421372555,0.04520172721,0.02033738588,0.9503165473,2.729447306e-24,1.614033511e-23,1.455837878e-22,0.09509384313,0.1994087278,0.326515482,0.5679087019,1.084202172e-19,2.911720716e-18,0.9843562644,0.1341872083,0.3872931091,0.1499758168,0.3335517243,1,5.242706977e-24,3.609714641e-19,5.307504541e-25,0.7749276699,0.002442283816,0.7021415832,0.5385781486,6.396109726e-21,0.9763221009,0.103079478,2.541098842e-21,0.1582982561,0.767240234,0.03258401433,5.169878828e-26,0.5910351404,0.2288882706,0.1059543607,0.4707903785,0.6219990742,0.9524373113,4.33680869e-19,0.1771175485,0.06370682792,0.8765623835,0.7256463523,0.5978711116,0.6817667234,0.2429073747,0.5689690922,0.5106785716,0.2213452521,0.8863840664,0.5183872027,0.8920405455,0.2958768167,9.216465941e-05,0.2426045176,0.8235042493,0.840231397,0.602942661,0.3555726808,0.3216166332,0.6542637404,0.5284271407,0.4512683807,0.7392469267,0.526664613,0.9999804545,0.6910886372,9.649920843e-05,0.06565799861,0.6143808097,0.8668880222,0.8112648431,0.9999650294,0.8693254398,0.0001022954301,0.4242570562,0.9999934374,0.5822326709,0.6258570616,0.9941203957,0.8443953689,8.053726417e-05,0.5156852232,0.9999923774,6.901573854e-05,0.6075845554,1.355252716e-19,5.73482287e-21,0.6444884826,0.2118894234,0.1096742441,0.7665200131,0.5791719085,0.4502143138,0.501142208,0.5716272863,0.5321728464,0.2222540505,0.7893077,0.7621386036,9.759583072e-05,0.3505203913,0.999983525,0.7002338349,0.005141463233,0.7964830202,0.6570103483,1,0.5129579252,0.4237340112,0.3670366649,0.3763161623,0.3125324429,0.4938386746,1,1.855733513e-19,0.8584893162,0.08185289722,0.7915105673,0.3452594743,0.2374935287,1,0.430872571,6.764892283e-21,2.256949154e-36,0.1369562543,0.291430145,0.319760579,0.638828791,0.438600471,1.734723476e-18,0.2028332321,0.4647381181,0.629696053,1,1.002275036e-18,0.07874460446,3.298816025e-20,8.67361738e-19,1,0.924917843,0.6014184545,0.7712330807,0.5030035358,0.5730966689,0.4768891491,0.01512263049,0.5675137402,0.5985309635,0.5779876503,0.5340614029,0.6123117885,0.6367573326,0.6604145385,0.5913449927,0.5971835578,0.6836416012,0.502377566,0.5727892393,0.5320636246,0.2233284389,0.7645208897,0.5982014946,0.5794732759,0.5016340432,0.570282835,0.5417665543,0.8181641777,0.8256167639,0.5962252076,0.6832387255,0.5023165247,0.570998779,0.5310303148,0.04771476911,0.7654636863,0.605006988,0.9645481452,0.5032594737,0.5710536604,0.529962155,0.2871799473,0.2431817894,0.5938846316,9.82666819e-05,0.6044044054,0.8663884124,0.9824869668,0.9999482096,0.7479180041,0.5982250783,0.4325971725,0.5023429007,0.5717359044,0.5316158373,0.2243016431,0.7357450388,0.5963014872,0.970436045,0.5003385428,0.571201793,0.5312581763,0.2417133061,0.6033440845,0.5666075207,0.0001028582286,0.4789541017,0.6986620875,0.6591903864,0.5896931193,0.9429638502,0.5990256976,1,0.5023521671,0.5717749811,0.5318215899,0.6480248948,0.8259862011,0.5977530877,0.6929229351,0.5015892159,0.5711155348,0.5305925775,0.3770032798,0.767720689,0.6006963371,0.8959469728,0.5031338359,0.5715670036,0.5339817209,0.03838839361,9.14295708e-05,0.8902217284,0.9999835611,0.4841788332,9.401385849e-05,0.9999807456,9.297984839e-05,0.9999950332,0.8250409074,0.9999866617,9.558659994e-05,9.01767143e-05,0.9999756537,0.9999809247,0.7633186654,0.5976329252,0.6860113104,0.5026075484,0.5704190269,0.5316523204,0.2228134262,0.7471197687,0.5983746518,0.682658558,0.5003582054,0.8051549812,0.6163895571,0.2242557468,0.7649405666,0.5964207147,0.592411419,0.5027918005,0.5728481875,1,0.2620535508,0.7276319006,0.6216496265,0.6835681478,0.5032974534,0.5704681723,0.7927088487,0.2227830445,0.7650177668,0.5942655889,0.3524860085,0.5015336415,0.5725887005,0.7197069951,0.3398930029,0.7480728876,0.5960617051,0.4373941329,0.5022181715,0.5713337886,0.5306486644,0.2221744571,0.6557318568,0.5973388126,0.6844171303,0.5021601806,0.5714635929,0.8502276189,0.2575806348,0.766463165,0.6152529042,0.6846384881,0.5018416873,0.5694387794,0.7635923122,0.2226101196,0.7650983604,0.5718891179,0.6525119175,0.5013860077,0.5720802008,0.6067486363,0.04926437087,0.7661274241,0.5966227544,0.6376503538,0.500749036,0.5712269603,0.5710428884,0.09830522685,0.7538314965,0.5984418972,0.6833384502,0.4996143972,0.5720138029,0.2549129354,0.1487151775,0.7800839354,0.5976350645,0.6730577003,0.5007057042,0.571694399,0.5314020237,0.1762658823,1,0.5962964934,0.7300133307,0.503407808,0.5730087441,0.5333029292,0.3787267396,0.7672824163,0.5959010419,0.6191479642,0.5010745617,0.5711056271,0.5241230486,0.4785291219,0.5922309406,0.5990864036,0.6829560946,0.5016917993,0.5727839345,0.5311516221,0.2212400243,0.7362804045,0.5976266215,0.6776140605,0.5020129726,0.5727387428,0.5763211633,0.3920317688,0.7700613529,0.5965108048,0.6816250849,0.5000620452,0.7784874261,0.5314138501,0.2227243234,0.7655066711,0.596761638,0.6456210348,0.5012487023,0.5725035755,0.5327171925,0.3171822972,0.670546347,0.600613259,0.5892168966,0.5066335133,0.6744405368,0.6295199968,0.003722893281,0.9209440863,0.5957619564,1,0.5016671932,0.5719326033,0.3627170124,0,0.766596376,0.6225573567,1,0.5032180773,0.5731205694,0.5133814305,0,0.7216042882,0.5968794908,0.6841392384,0.502576118,0.5708614902,0.5311547057,0.05067923872,0.7652095713,0.5975331154,1,0.503734825,0.5715405436,0.7625698367,0.2230572312,0.8706876846,0.5956657975,0.9694195958,0.5014878626,0.5719817692,0.5228061285,0.2258072293,0.7667026491,0.5927702983,0.6844521216,0.5018038243,0.5716602162,0.2242705795,0.5767793744,0.765477988,0.597206646,0.933953241,0.5021238639,0.5712699702,0.5318267802,0.2226170756,0.7641474146,0.5976264411,0.6960387949,0.5013378795,0.5731492273,0.4154839769,0.2225863142,0.7405683842,0.5985236796,0.6812662549,0.5022738466,0.5740413695,0.5319262801,0.223137475,0.7664458281,0.5966888984,0.6829299004,0.5038854072,0.5705261268,0.5336182714,0.1768820705,9.415952754e-05,0.8408370165,0.9999869911,9.651659799e-05,0.99998161,9.769938121e-05,0.9999813946,0.0001608920899,0.9339939633,0.9999948172,1,0.9999880875,0.0001123398469,0.9999955114,0.7656292627,0.5972854745,0.6887947977,0.501162996,0.5715447523,0.5320154238,0.2219104095,0.7712773612,0.596993488,0.1828879692,0.503664381,0.5720335166,0.5311182257,0.2266221153,6.802861551e-05,0.9449151695,0.9999908104,0.498149056,0.9999949234,8.647810609e-05,0.9999772915,8.871542813e-05,0.8562677759,0.9999906588,0.6777580239,0.9999908975,8.864269622e-05,0.9999853406,0.5,0.5,0.5,0.5,0.5,0.5,0.5,0.5,0.5,0.8333333333,0.5,0.5,0.5,0.5,0.764622656,0.5971548809,0.6822550319,0.2407063354,0.5716747954,0.5971832394,0.2209249652,0.7667093568,0.5969856238,0.6829604388,0.5025770403,0.5716922734,0.2634792464,0.2235196983,0.7661569486,0.5975564126,0.6839329025,1,0.5712539999,0.5294410573,0.2213845068,0.7638768346,0.5975544454,0.68292318,0.001106975842,0.5707313098,0.5318534094,0.2217181795,0.5,0.5,0.5,0.5,0.1666666667,0.5,0.5,0.5,0.5,0.5,0.5,0.8333333333,0.5,0.5,0.75,0.1666666667,0.75,0.5,0.5,0.5,0.1666666667,0.75,0.1666666667,0.5,0.75,0.75,0.5,0.1666666667,0.75,0.1666666635,0.4116116524,0.75,0.2348349571,0.75,0.1666666667,0.75,0.1417977343,0.3232233047,0.75,0.3232233053,0.75,0.1666666667,0.75,0.1417977365,0.570282817,0.75,0.6034509128,0.7303983239,0.1666666667,0.7523501883,0.1409829857,0.6701126666,0.7509194109,0.5387900696,0.780022832,0.1667620476,0.7664347558,0.5985984543,0.6841286977,0.2506781421,0.5711893786,0.5314749364,0.2226613533,0.5469348701,0.5963778173,0.6826546396,0.5021309678,0.5701377906,0.5316524458,0.2224144109,0.7476870632,0.5990846992,0.6817528647,0.7512032272,0.570992015,0.5323221009,0.2227413543,0.4150500347,0.5956558323,0.6843206992,0.5042026908,0.5689329819,0.5302395827,0.2225582594,0.7670440756,0.8282419697,0.6658647892,0.5024437207,0.5698876212,0.5302709215,0.2216500688,0.7715892599,0.3904504052,0.682703476,0.5024595855,0.5699303989,0.5327452445,0.2219345319,0.8033920111,0.141797735,0.535291136,0.75,0.3267818268,0.75,0.1666666667,0.9157057538,0.1844515655,0.5999790059,0.8795431844,0.4698809863,0.75,0.1666666667,0.7681372324,0.5859874325,0.682580092,0.5035533888,0.5710716531,0.5302320446,0.2229330358,0.5898578196,0.5967416968,0.6831573543,0.5021740534,0.567714294,0.5315910932,0.2224366994,0.7674221571,0.5938497041,0.6834429607,0.5023201583,0.5709758699,0.5311653545,0.2224268476,0.9415690992,0.5977704283,0.6831933741,0.5027023903,0.5699353555,0.5341398519,0.2216139953,0.7751014157,0.1653719126,0.3801582521,0.5,0.5354436159,0.7500000006,0.958333346,0.7202181576,0.1189985163,0.4378337188,0.4833030287,0.4886920375,0.7599160002,0.9787387817,0.75,0.9583333333,0.5,0.5,0.5,0.5,0.1666666667,0.5,0.1666666667,0.1666666667,0.5,0.1666666667,0.5,0.5,0.7713672863,0.596624091,0.6830308646,0.5024055299,0.5714153993,0.5300962534,0.2238206473,0.5905036451,0.5960501467,0.6836670672,0.5014123292,0.5706904445,0.5337734126,0.2208713518,0.7432830342,0.5980875585,0.6863373662,0.997387784,0.5690960479,0.4934702663,0.2220593722,0.5,0.1666666667,0.1666666667,0.5,0.8333333333,0.5,0.5,0.4750306846,0.04166666696,0.2910279893,0.5,0.499996316,0.5,0.8333333333,0.591514097,0.5980197678,0.6850692911,0.5018660546,0.5709666028,0.5333948287,0.2207996475,0.5,0.1666638761,0.0416666671,0.5,0.4999798624,0.5,0.9583333335,0.7653417595,0.6035420586,0.6827272976,0.4842488575,0.5710529705,0.532637362,0.2215100707,0.4748985323,0.1585174433,0.112120671,0.4999999982,0.441192704,0.4999999655,0.9583336842,0.4748985905,0.1508676399,0.1666666672,0.5,0.6357118157,0.5,0.9583333333,0.7652061878,0.5992734369,0.6829144746,0.5015842837,0.5708849911,0.5305578413,0.2234921124,0.5936201577,0.5980040507,0.6821122547,0.5014411151,0.5714821003,0.5327526202,0.2213385201,0.4941050082,0.1237418596,0.1668514679,0.4817872614,0.5390875052,0.5260874053,0.9707718278,0.7751014107,0.1415930805,0.1664309367,0.4999999893,0.3855009221,0.5000000002,0.958333335,0.7050331288,0.5964207887,0.6854256954,0.5024555563,0.5701512463,0.8151481459,0.2229174485,0.7663517903,0.5966524616,0.6855623044,0.5004993676,0.3230060565,0.5322935189,0.2228679353,0.7659774504,0.7742516174,0.6819576328,0.5024186273,1,0.5312956743,0.2212172942,0.7659062757,0.5058249344,0.6843623057,0.5024864625,0.9060547032,0.5322068712,0.2214210847,0.7845076943,0.1650686802,0.1661303361,0.5103966547,0.4844733349,0.4931640327,0.9617597137,0.5,0.1666666667,0.8333333333,0.5,0.1666666667,0.5,0.5,0.7701670449,0.5975061856,0.6839748176,0.500644418,0.571175624,0.5313257916,0.2214588318,0.5,0.1666666667,0.5,0.5,0.5,0.5,0.5,0.5,0.8333333333,0.5,0.5,0.5,0.5,0.5,0.5,0.5,0.1666666667,0.5,0.5,0.5,0.5,0.5,0.5,0.5,0.5,0.5,0.1666666667,0.5,0.5,0.5,0.5,0.5,0.5,0.8333333333,0.5,0.5,0.5,0.5,0.5,0.5,0.5,0.1666666667,0.5,0.5,0.5,0.5,0.5,0.5,0.8333333333,0.1666666667,0.8333333333,0.8333333333,0.5,0.5,0.5,0.5,0.1666666667,0.5,0.8333333333,0.5,0.5,0.1666666667,0.5,0.7698712955,0.5968642089,0.6826372976,0.5015713031,0.5721735709,0.5314811023,0.2228066374,0.1666666667,0.5,0.8333333333,0.5,0.5,0.8333333333,0.5,0.1666666667,0.5,0.8333333333,0.5,0.5,0.5,0.1666666667,0.1666666667,0.5,0.8333333333,0.5,0.5,0.5,0.8333333333,0.1666666667,0.3888888889,0.8333333333,0.1666666667,0.1666666667,0.5,0.5,0.1666666667,0.6111111111,0.8333333333,0.1666666667,0.1666666667,0.5,0.5,0.1666666667,0.5,0.7222222222,0.1666666667,0.1666666667,0.5,0.5,0.1666666667,0.5,0.9444444444,0.1666666667,0.1666666667,0.5,0.5,0.1666666667,0.5,0.8333333333,0.1666666667,0.1666666667,0.3888888889,0.5,0.1666666667,0.5,0.8333333333,0.1666666667,0.1666666667,0.6111111111,0.5,0.1666666667,0.5,0.8333333333,0.1666666667,0.1666666667,0.5,0.3888888889,0.1666666667,0.5,0.8333333333,0.1666666667,0.1666666667,0.5,0.6111111111,0.1666666667,0.1666666667,0.8333333333,0.5,0.8333333333,0.1666666667,0.5,0.1666666667,0.1666666667,0.8333333333,0.5,0.8333333333,0.8333333333,0.5,0.1666666667,0.1666666667,0.8333333333,0.5,0.8333333333,0.5,0.1666666667,0.1666666667,0.1666666667,0.8333333333,0.5,0.8333333333,0.5,0.8333333333,0.05555555556,0.462962963,0.8333333333,0.05555555556,0.05555555556,0.5,0.462962963,0.766065773,0.597820285,0.6826417153,0.5016896405,0.5718090199,0.5311245653,0.2221614261,0.1666666667,0.05555555556,0.8333333333,0.1666666667,0.8333333333,0.5,0.5,0.1666666667,0.2777777778,0.8333333333,0.1666666667,0.8333333333,0.5,0.5,0.1666666667,0.1666666667,0.7222222222,0.1666666667,0.8333333333,0.5,0.5,0.7645694215,0.5976608008,0.68366256,0.5006131375,0.5710744877,0.5320114562,0.2224766002,0.1666666667,0.1666666667,0.9444444444,0.1666666667,0.8333333333,0.5,0.5,0.7652328907,0.5975636091,0.6839145326,0.5018431058,0.5706515248,0.5307270376,0.2222450995,0.1666666667,0.1666666667,0.8333333333,0.1666666667,0.8333333333,0.3888888889,0.5,0.1666666667,0.1666666667,0.8333333333,0.1666666667,0.8333333333,0.6111111111,0.5,0.1666666667,0.1666666667,0.8333333333,0.1666666667,0.8333333333,0.5,0.3888888889,0.7669491161,0.5969452443,0.6834887627,0.5034055077,0.5710783113,0.5317149419,0.2222580707,0.1666666667,0.1666666667,0.8333333333,0.1666666667,0.8333333333,0.5,0.6111111111,0.05555555556,0.1296296296,0.8333333333,0.05555555556,0.9444444444,0.5,0.462962963,0.05555555556,0.1296296296,0.8333333333,0.9444444444,0.9444444444,0.5,0.537037037,0.05555555556,0.1296296296,0.8333333333,0.9444444444,0.9444444444,0.462962963,0.5,0.05555555556,0.1296296296,0.8333333333,0.05555555556,0.9444444444,0.537037037,0.5,0.05555555556,0.2037037037,0.8333333333,0.9444444444,0.9444444444,0.462962963,0.5,0.05555555556,0.2037037037,0.8333333333,0.05555555556,0.9444444444,0.537037037,0.5,0.05555555556,0.2037037037,0.8333333333,0.9444444444,0.9444444444,0.5,0.462962963,0.05555555556,0.2037037037,0.8333333333,0.05555555556,0.9444444444,0.5,0.537037037,0.01851851852,0.2037037037,0.7962962963,0.9861111111,0.9861111111,0.75,0.5,0.01851851852,0.2037037037,0.7962962963,0.9861111111,0.9861111111,0.5,0.75,0.01851851852,0.2037037037,0.7962962962,0.9861111111,0.9861111111,0.3232233047,0.3232233047,0.1666666667,0.5,0.5,0.5,0.5,0.5,0.5,0.8333333333,0.5,0.5,0.5,0.5,0.5,0.5,0.5,0.5,0.5,0.1666666667,0.5,0.5,0.5,0.5,0.5,0.5,0.8333333333,0.5,0.5,0.5,0.3888888889,0.5,0.5,0.5,0.5,0.5,0.5,0.6111111111,0.5,0.5,0.5,0.5,0.5,0.5,0.5,0.3888888889,0.5,0.5,0.5,0.5,0.5,0.4923484101,0.3764874098,0.4989047922,0.5001305618,0.4989893168,0.4974573834,0.4961635962,0.4978852954,0.3748589576,0.4990256274,0.4988384168,0.5000096786,0.4930427054,0.4994502997,0.5,0.6111111111,0.5,0.5,0.5,0.5,0.5,0.5,0.5,0.3888888889,0.5,0.5,0.5,0.5,0.5,0.5,0.6111111111,0.5,0.5,0.5,0.5,0.5,0.5,0.5,0.3888888889,0.5,0.5,0.5,0.5,0.5,0.5,0.6111111111,0.5,0.5,0.5,0.5,0.5,0.5,0.5,0.3888888889,0.5,0.5,0.5,0.5,0.5,0.5,0.6111111111,0.5,0.5,0.7662242692,0.5964640177,0.6832959996,0.5010824345,0.5709684842,0.5326824416,0.2212212713,0.5,0.5,0.5,0.5,0.5,0.3888888889,0.5,0.5,0.5,0.5,0.5,0.5,0.6111111111,0.5,0.5,0.5,0.5,0.5,0.5,0.5,0.3888888889,0.5,0.5,0.5,0.5,0.5,0.5,0.6111111111,0.1666666667,0.1666666667,0.5,0.5,0.5,0.5,0.5,0.1666666667,0.8333333333,0.5,0.5,0.5,0.5,0.5,0.1666666667,0.5,0.1666666667,0.5,0.5,0.5,0.5,0.1666666667,0.5,0.8333333333,0.5,0.5,0.5,0.5,0.1666666667,0.5,0.5,0.1666666667,0.5,0.5,0.5,0.1666666667,0.5,0.5,0.8333333333,0.5,0.5,0.5,0.1666666667,0.5,0.5,0.5,0.1666666667,0.5,0.5,0.1666666667,0.5,0.5,0.5,0.8333333333,0.5,0.5,0.1666666667,0.5,0.5,0.5,0.5,0.1666666667,0.5,0.1666666667,0.5,0.5,0.5,0.5,0.8333333333,0.5,0.1666666667,0.5,0.5,0.5,0.5,0.5,0.1666666667,0.1666666667,0.5,0.5,0.5,0.5,0.5,0.8333333333,0.8333333333,0.1666666667,0.5,0.5,0.5,0.5,0.5,0.8333333333,0.8333333333,0.5,0.5,0.5,0.5,0.5,0.8333333333,0.5,0.1666666667,0.5,0.5,0.5,0.5,0.8333333333,0.5,0.8333333333,0.5,0.5,0.5,0.5,0.8333333333,0.5,0.5,0.1666666667,0.5,0.5,0.5,0.8333333333,0.5,0.5,0.8333333333,0.5,0.5,0.5,0.8333333333,0.5,0.5,0.5,0.1666666667,0.5,0.5,0.8333333333,0.5,0.5,0.5,0.8333333333,0.5,0.5,0.8333333333,0.5,0.5,0.5,0.5,0.1666666667,0.5,0.8333333333,0.5,0.5,0.5,0.5,0.8333333333,0.5,0.8333333333,0.5,0.5,0.5,0.5,0.5,0.1666666667,0.8333333333,0.5,0.5,0.5,0.5,0.5,0.8333333333,0.5,0.5,0.5,0.5,0.5,0.5,0.450617284,0.5,0.5,0.5,0.5,0.5,0.5,0.549382716,0.5009515245,0.3869710649,0.5015950291,0.5005441666,0.4978690831,0.5013320952,0.4985368774,0.4866715011,0.4051342917,0.5,0.5,0.5,0.5,0.5,0.462962963,0.462962963,0.5,0.5,0.5,0.5,0.5,0.4998491912,0.3878429188,0.4989794612,0.5019580447,0.4999364237,0.5030585713,0.4992915973,0.5008974515,0.3883603912,0.5022216066,0.4985983027,0.4983680078,0.4982047577,0.4995046332,0.537037037,0.462962963,0.5,0.5,0.5,0.5,0.5,0.462962963,0.537037037,0.5,0.5,0.5,0.5,0.5,0.462962963,0.5,0.462962963,0.5,0.5,0.5,0.5,0.462962963,0.5,0.537037037,0.5,0.5,0.5,0.5,0.462962963,0.5,0.5,0.462962963,0.5,0.5,0.5,0.462962963,0.5,0.5,0.537037037,0.5,0.5,0.5,0.462962963,0.5,0.5,0.5,0.462962963,0.5,0.5,0.4814814828,0.5,0.5,0.5,0.462962963,0.5,0.5,0.462962963,0.5,0.5,0.5,0.537037037,0.5,0.5,0.466315728,0.4982331955,0.5007506581,0.4990134514,0.4804070854,0.52562419,0.5038975239,0.4649111631,0.4971648264,0.5000944805,0.4988140515,0.4616571439,0.4981350606,0.5004932386,0.4605665844,0.5024371827,0.5000268349,0.5011858858,0.4644610061,0.5016347117,0.4997986344,0.462962963,0.5,0.5,0.5,0.5,0.462962963,0.5,0.537037037,0.5,0.5,0.5,0.5,0.537037037,0.5,0.537037037,0.5,0.5,0.462962963,0.5,0.5,0.5,0.537037037,0.5,0.537037037,0.5,0.5,0.5,0.5,0.537037037,0.5,0.462962963,0.5,0.5,0.5,0.5,0.537037037,0.537037037,0.5,0.5,0.5,0.5,0.5,0.5,0.462962963,0.5,0.462962963,0.5,0.5,0.5,0.5,0.462962963,0.5,0.5,0.5,0.537037037,0.5,0.537037037,0.5,0.5,0.5,0.5,0.462962963,0.5,0.537037037,0.5,0.5,0.537037037,0.5,0.5,0.5,0.5,0.537037037,0.5,0.5,0.5,0.537037037,0.5,0.5,0.462962963,0.537037037,0.5,0.5,0.5,0.5,0.5,0.537037037,0.5,0.462962963,0.5,0.5,0.5,0.5,0.537037037,0.537037037,0.5,0.5,0.5,0.5,0.5,0.5,0.462962963,0.462962963,0.5,0.5,0.5,0.537037037,0.5,0.5,0.5,0.537037037,0.5,0.5,0.5,0.5,0.537037037,0.462962963,0.5,0.5,0.5,0.5,0.462962963,0.462962963,0.5,0.5,0.5,0.5,0.5,0.462962963,0.5,0.537037037,0.5,0.5,0.5,0.5,0.462962963,0.5,0.5,0.5,0.462962963,0.5,0.5,0.537037037,0.462962963,0.5,0.5,0.5,0.5,0.5,0.5,0.462962963,0.5,0.5,0.537037037,0.5,0.5,0.537037037,0.5,0.537037037,0.5,0.5,0.5,0.5,0.5,0.5,0.462962963,0.537037037,0.5,0.5,0.5,0.537037037,0.5,0.5,0.5,0.462962963,0.5,0.5,0.5,0.462962963,0.537037037,0.5,0.5,0.5,0.5,0.5,0.537037037,0.5,0.5,0.537037037,0.5,0.5,0.5,0.537037037,0.537037037,0.5,0.5,0.5,0.5,0.5,0.5,0.462962963,0.5,0.537037037,0.5,0.5,0.5,0.462962963,0.5,0.537037037,0.5,0.5,0.5018358123,0.3849148634,0.5029415083,0.5014315382,0.4958063688,0.5031644059,0.4969928333,0.4996509644,0.3885962162,0.5015610206,0.5001512917,0.4949604833,0.5032509586,0.4963552003,0.4990111277,0.3906245964,0.4981964871,0.4997916746,0.5021786917,0.4991471969,0.5013757757,0.5,0.462962963,0.5,0.5,0.537037037,0.5,0.5,0.5,0.5,0.5,0.537037037,0.537037037,0.5,0.5,0.5,0.5,0.462962963,0.5,0.5,0.462962963,0.5,0.5,0.5,0.5,0.537037037,0.5,0.537037037,0.5,0.5,0.5,0.537037037,0.5,0.537037037,0.5,0.5,0.5,0.5,0.5,0.462962963,0.5,0.462962963,0.5,0.5,0.5,0.5,0.5,0.537037037,0.537037037,0.5,0.5,0.1666666667,0.1666666667,0.5,0.5,0.5,0.5,0.5,0.1666666667,0.8333333333,0.5,0.5,0.5,0.5,0.5,0.1666666667,0.5,0.1666666667,0.5,0.5,0.5,0.5,0.1666666667,0.5,0.8333333333,0.5,0.5,0.5,0.5,0.1666666667,0.5,0.5,0.1666666667,0.5,0.5,0.5,0.1666666667,0.5,0.5,0.8333333333,0.5,0.5,0.5,0.1666666667,0.5,0.5,0.5,0.1666666667,0.5,0.5,0.1666666667,0.5,0.5,0.5,0.8333333333,0.5,0.5,0.1666666667,0.5,0.5,0.5,0.5,0.1666666667,0.5,0.1666666667,0.5,0.5,0.5,0.5,0.8333333333,0.5,0.462962963,0.5,0.5,0.462962963,0.5,0.462962963,0.5,0.462962963,0.5,0.5,0.462962963,0.5,0.537037037,0.4993969766,0.4679494937,0.5008182549,0.4994479183,0.4641995322,0.5001535316,0.5353232868,0.5,0.8333333333,0.1666666667,0.5,0.5,0.5,0.5,0.5,0.8333333333,0.8333333333,0.5,0.5,0.5,0.5,0.5,0.8333333333,0.5,0.1666666667,0.5,0.5,0.5,0.5,0.8333333333,0.5,0.8333333333,0.5,0.5,0.5,0.5,0.8333333333,0.5,0.5,0.1666666667,0.5,0.5,0.5,0.8333333333,0.5,0.5,0.8333333333,0.5,0.5,0.5,0.8333333333,0.5,0.5,0.5,0.1666666667,0.5,0.5,0.8333333333,0.5,0.5,0.5,0.8333333333,0.5,0.5,0.8333333333,0.5,0.5,0.5,0.5,0.1666666667,0.5,0.8333333333,0.5,0.5,0.5,0.5,0.8333333333,0.5013827191,0.4578476674,0.5000629793,0.5008397246,0.4627622629,0.4991562847,0.5363036233,0.75,0.462962963,0.5,0.5,0.5,0.537037037,0.537037037,0.5,0.712962963,0.5,0.5,0.5,0.537037037,0.537037037,0.5,0.462962963,0.75,0.5,0.5,0.537037037,0.537037037,0.5,0.462962963,0.5,0.75,0.5,0.537037037,0.537037037,0.5,0.462962963,0.5,0.5,0.75,0.537037037,0.537037037,0.5,0.462962963,0.5,0.5,0.5,0.787037037,0.537037037,0.5,0.462962963,0.5,0.5,0.5,0.537037037,0.787037037,0.4055088817,0.3684718447,0.4055088817,0.4055088817,0.4055088817,0.4425459188,0.4425459188,0.4527544409,0.4157174038,0.4527544409,0.4527544409,0.4527544409,0.4897914779,0.4897914779,0.5610793387,0.4575536441,0.4945906811,0.4945906811,0.4945906811,0.5316277181,0.5316277181,0.4793244404,0.4802254197,0.4942851125,0.5606857525,0.4916361025,0.5308273005,0.5308273005,0.4824462947,0.4802741196,0.4944781473,0.4823404247,0.4778102345,0.5899918438,0.5555089262,0.4727158821,0.4782533343,0.477526238,0.4694178799,0.4776744323,0.4984401866,0.5235735427,0.5180886928,0.536640669,0.4919764334,0.5054377741,0.4612985769,0.5345646152,0.5361745978,0.4983761645,0.4641006279,0.4987315569,0.4992636051,0.461174959,0.5013438486,0.5414292545,0.5602711787,0.45583539,0.4966538931,0.4924454601,0.4895683179,0.5341327722,0.5332647477,0.5596069636,0.455072136,0.497448266,0.4967563106,0.4904027973,0.5344373246,0.531651234,0.5621627312,0.457678422,0.4975068754,0.4898662658,0.4918922106,0.5324795857,0.534285565,0.5288592464,0.4640861661,0.498988764,0.4900734952,0.4902628266,0.5336449687,0.5325879651,0.4968309161,0.4737379668,0.4675048031,0.4692952483,0.4801172464,0.5084901095,0.5186596259,0.4972565158,0.475308642,0.4674626785,0.4711934156,0.480321428,0.5082304527,0.5205761317,0.4958847728,0.4753142881,0.4668800541,0.4693646347,0.4798815359,0.5109739371,0.5188148132,0.4986282733,0.4739036531,0.4684511568,0.4699799324,0.4800589373,0.5108046119,0.5187462396,0.4953632497,0.4741723678,0.4648231483,0.4695833742,0.4800122787,0.5084529322,0.5192508621,0.4955226631,0.4757110081,0.4694215092,0.4688762015,0.4801235246,0.5086869137,0.5187167397,0.4986975264,0.4749625635,0.4662680051,0.4683962258,0.4818372599,0.5086578027,0.5185138086,0.462962963,0.462962963,0.462962963,0.5,0.5,0.5,0.537037037,0.75,0.462962963,0.462962963,0.5,0.5,0.5,0.537037037,0.5,0.712962963,0.462962963,0.5,0.5,0.5,0.537037037,0.5,0.462962963,0.712962963,0.5,0.5,0.5,0.537037037,0.5,0.462962963,0.462962963,0.75,0.5,0.5,0.537037037,0.5,0.462962963,0.462962963,0.5,0.75,0.5,0.537037037,0.4974155727,0.4770055039,0.4841966875,0.5041229198,0.4833745756,0.7965603664,0.5335782368,0.5015919805,0.4645138552,0.4995685083,0.4989797693,0.4995327407,0.787939561,0.5358473107,0.5000627227,0.4621338695,0.4992686048,0.5010527993,0.4998159364,0.7886237639,0.5351103289,0.5006149411,0.4643951358,0.5005135217,0.4985762085,0.4999746355,0.7859227088,0.5383625594,0.5013135545,0.4620579794,0.4990754389,0.4988847391,0.498621614,0.7873699981,0.5384515642,0.498559804,0.4649487814,0.4991068736,0.4994795444,0.5007119941,0.7862774454,0.536346613,0.4999837478,0.4635021859,0.502414632,0.4991795968,0.5001822973,0.7864948254,0.5358149307,0.501117345,0.4645411745,0.4993235973,0.5012940951,0.5011246225,0.7870908489,0.5381055291,0.4994199424,0.4647823887,0.5000713919,0.5003234915,0.4998758762,0.788620188,0.5385461536,0.5011557132,0.4639548631,0.4989763982,0.5010762213,0.4995374167,0.7850857843,0.5368815541,0.5,0.462962963,0.462962963,0.5,0.5,0.75,0.537037037,0.5,0.462962963,0.462962963,0.5,0.5,0.5,0.787037037,0.4055088817,0.3684718447,0.3684718447,0.4055088817,0.4055088817,0.4055088817,0.4425459188,0.4527544409,0.4157174038,0.4157174038,0.4527544409,0.4527544409,0.4527544409,0.4897914779,0.5585844594,0.4543022426,0.495099149,0.4927370302,0.4866193451,0.5357108402,0.5330578637,0.559425938,0.453123571,0.491478429,0.4973136073,0.4898855234,0.534937319,0.5327381339,0.559592192,0.4532321176,0.4960240977,0.4932186354,0.486296196,0.5329498647,0.5331978586,0.5566147843,0.4542705798,0.4949853282,0.4924827338,0.4884415784,0.5338094515,0.5327986694,0.5722780732,0.4532704633,0.4690468184,0.5039640001,0.4938252119,0.5524455575,0.5408286962,0.5610793387,0.4575536441,0.4575536441,0.4945906811,0.4945906811,0.4945906811,0.5316277181,0.4961884649,0.4725363532,0.467720213,0.4710656084,0.478062576,0.5093320995,0.5189622697,0.4961018938,0.4720675177,0.46782259,0.4694166992,0.4799030449,0.509864514,0.5208394669,0.5030544466,0.4782828848,0.4558386703,0.4974669293,0.4782476954,0.5043115192,0.516304934,0.5028949394,0.4789347403,0.4554320823,0.5002986152,0.4788300792,0.5053971925,0.5155420307,0.5032026753,0.4776779183,0.4562289502,0.4947607107,0.4776946415,0.5033059614,0.5170481446,0.5030572776,0.4793024263,0.4553660873,0.4964649976,0.4782777973,0.5036166564,0.5190539601,0.503295524,0.475848189,0.4562910098,0.4969706243,0.4777190961,0.5044113717,0.5181957535,0.5015190723,0.4768444235,0.4554121688,0.4962471829,0.4769302451,0.5051547423,0.5176118908,0.5030737893,0.4761674547,0.4550950585,0.4962776263,0.4797593169,0.5039399905,0.5174787906,0.5039374075,0.4773662547,0.456790123,0.4971915984,0.4759324173,0.5037341864,0.5185185189,0.5027350073,0.4768286838,0.4580226748,0.4962769533,0.478535828,0.5054137368,0.5174489899,0.5029819365,0.4749912185,0.4566142242,0.4968133324,0.477151552,0.5041160072,0.515748711,0.5012852489,0.4766308353,0.4569936532,0.4973812056,0.4782809705,0.5029486537,0.5183034451,0.5037045734,0.4742719421,0.4554662271,0.4954597985,0.4777615855,0.504821648,0.5196860244,0.5029103366,0.4768144115,0.4572267049,0.4965059398,0.4785496779,0.7553783656,0.5188524339,0.5019545553,0.4769437651,0.4564391777,0.4980819528,0.4779305467,0.5065037302,0.5184472341,0.712962963,0.462962963,0.5,0.5,0.5,0.5,0.537037037,0.462962963,0.712962963,0.5,0.5,0.5,0.5,0.537037037,0.462962963,0.462962963,0.75,0.5,0.5,0.5,0.537037037,0.5052773224,0.4766841433,0.4565883597,0.4983476634,0.478479205,0.5058674284,0.519093172,0.5049770166,0.4751036287,0.4575435401,0.4969404055,0.4777723169,0.5051023978,0.5175033377,0.462962963,0.462962963,0.5,0.75,0.5,0.5,0.537037037,0.5037095477,0.4775794726,0.4560754975,0.4956297135,0.477709453,0.5051140283,0.5166950029,0.462962963,0.462962963,0.5,0.5,0.75,0.5,0.537037037,0.5006600515,0.4634017766,0.4996059882,0.4992335357,0.5022511524,0.7877080998,0.5376737326,0.502579273,0.4636969661,0.5011129096,0.500559024,0.5014021511,0.7883118067,0.538268495,0.500830327,0.4656983212,0.4974992676,0.4996878588,0.5022228194,0.7879224712,0.5379209239,0.462962963,0.462962963,0.5,0.5,0.5,0.75,0.537037037,0.5045456932,0.4769552288,0.4557096645,0.4989535356,0.4770908852,0.5036578543,0.5175596504)
