mCurrentIter=600
mCounterStuck=0
mYPrev=1.72655
mParameters.n_iterations=600
mParameters.n_inner_iterations=500
mParameters.n_init_samples=10
mParameters.n_iter_relearn=50
mParameters.init_method=1
mParameters.surr_name=sGaussianProcess
mParameters.sigma_s=1
mParameters.noise=1e-06
mParameters.alpha=1
mParameters.beta=1
mParameters.sc_type=SC_MAP
mParameters.l_type=L_EMPIRICAL
mParameters.l_all=0
mParameters.epsilon=0
mParameters.force_jump=20
mParameters.kernel.name=kMaternARD5
mParameters.kernel.hp_mean=[1](1)
mParameters.kernel.hp_std=[1](10)
mParameters.mean.name=mConst
mParameters.mean.coef_mean=[1](1)
mParameters.mean.coef_std=[1](1000)
mParameters.crit_name=cEI
mParameters.crit_params=[0]()
mY=[610](6.470056,1.177154,4.565866,4.773454,0.9958942,3.486845,11.58123,10.66834,9.168969,1.478782,4.635583,2.145825,17.7574,3.147111,2.976339,2.424195,2.81408,0.9512311,2.358081,23.90261,3.133251,15.99178,5.920233,5.907407,14.16477,5.102841,3.666887,3.722485,3.133456,9.976985,1.487898,1.079803,16.78096,1.287666,4.649691,2.25527,1.385564,1.574583,1.245286,1.454867,1.529425,1.605852,1.533067,1.05097,1.058716,4.339075,7.693562,2.803557,1.169607,3.246918,2.030307,1.787547,7.404943,2.794052,1.069138,1.333829,2.460666,2.658774,9.730577,3.252933,3.39162,16.85332,2.842505,3.338537,0.9506487,0.9917108,2.459926,1.444529,2.923012,1.096631,1.188279,1.039017,2.936776,9.508207,2.434474,33.79002,9.53696,0.9250596,9.370331,8.377241,8.709406,1.866182,0.8862096,1.202028,1.092831,1.263622,1.070033,1.34046,3.240074,3.256441,0.9754394,1.237686,0.9486846,1.138875,0.9974418,1.23316,3.18382,2.499714,3.105376,1.336933,1.384193,7.205377,1.029819,1.226997,1.324461,23.80086,1.964006,1.57402,17.23765,6.220926,12.76271,1.208258,1.053151,3.118329,1.036277,1.181261,1.752168,2.999031,1.121855,13.16209,2.944944,0.8930858,1.55781,1.114964,7.358079,2.10416,3.987632,4.137982,1.18717,4.38011,3.468566,3.119975,3.778954,1.661399,1.019555,1.843226,1.396783,2.485262,1.387287,1.213281,1.144618,1.392211,23.79713,2.563806,6.043228,1.545028,7.001187,7.013052,5.588725,5.773968,3.696353,6.489605,5.581982,1.541124,1.547213,6.044939,2.991447,3.766545,2.035379,2.090667,3.073039,1.750189,1.466196,0.9009277,1.225487,0.7974307,1.451396,0.9188265,2.097841,2.33465,1.433627,2.203809,16.67942,17.72921,19.30455,18.27941,2.051688,1.588049,1.446669,22.13734,1.137918,1.45975,1.699982,13.50703,12.10926,12.07559,1.909898,12.82691,14.87327,2.078604,1.04635,1.296616,1.355178,3.505398,1.902089,1.570471,2.071371,24.9063,25.57413,24.70788,24.16331,2.819254,2.864886,2.832631,2.816135,1.283072,0.7114982,1.982944,2.831024,2.361146,0.9234369,15.33824,18.32424,1.117224,14.98232,11.68103,1.303936,1.1536,1.749638,13.67233,6.000688,2.973426,0.9758144,1.106208,1.533141,3.752626,1.655497,1.13091,2.974797,2.554873,3.706904,1.180665,0.9536918,0.9173856,1.490226,1.42917,11.93684,1.968273,3.050322,1.898538,1.745085,2.661008,3.538272,2.860788,2.654432,2.345372,2.609389,2.489762,2.824493,2.967089,4.225658,4.293901,3.806347,17.15442,6.47633,6.197497,1.48577,1.416867,1.060089,1.510676,1.211766,2.827811,2.855908,6.985191,2.834703,2.852568,7.698405,2.848168,2.337394,2.090384,14.91137,3.753812,3.053755,5.777691,2.405447,3.45353,1.929793,12.74514,4.946391,3.527105,1.972465,1.367038,2.916615,2.821689,0.9955275,13.60004,2.386635,1.773303,1.919861,2.244439,14.82078,1.790136,1.992382,5.568111,6.169047,4.68281,15.69448,4.496941,13.90077,3.122167,11.77524,7.983393,24.8237,15.47571,1.040226,6.379135,1.190757,1.703049,4.575723,2.887781,1.762416,3.67727,14.49014,3.834362,1.497505,2.290404,3.839724,1.374488,12.19758,1.055092,1.016681,2.489424,0.783912,0.770762,0.896087,3.403038,1.722312,1.460895,0.9397487,0.7241168,0.7842085,0.8741132,1.115774,5.302874,1.000987,1.000936,18.0607,2.168845,1.936067,6.760027,2.388998,1.938631,6.666273,3.146645,2.101538,2.748213,1.104697,1.881604,1.183118,1.227024,0.9595989,0.9442192,0.9357665,2.830493,0.9105689,1.310005,10.21895,1.220919,1.158751,1.210716,1.806303,1.45956,2.050807,1.484551,2.349141,2.701597,2.530637,2.701155,1.191568,1.317487,1.173824,0.7660489,1.202894,1.033294,0.9118727,1.387983,1.129485,1.301417,1.446768,0.9397442,1.598662,3.530339,2.537894,4.670419,3.955062,2.528649,3.430679,2.943994,2.66961,3.155701,1.123079,1.480547,1.904282,1.357654,2.957736,2.025647,5.73143,6.884999,3.82865,5.337082,3.727587,3.716095,4.900888,3.113406,7.414188,7.501258,4.726781,6.203726,6.808121,5.923457,7.12421,5.500143,1.200776,2.550889,1.04403,3.720332,6.450622,5.19141,1.364354,4.417666,3.881031,1.273353,0.5938738,6.503929,4.158002,0.5194987,0.6462904,1.244287,1.192876,0.9573914,0.7655096,15.33652,1.52495,0.6961975,0.7357636,0.6230227,0.5978489,0.6399132,0.9266299,1.739848,2.410764,0.6731858,0.5983368,0.5475751,0.5895892,0.8308213,0.7692749,1.042014,0.6665689,2.07389,1.782822,0.6847811,0.8187013,1.20267,1.823224,0.3086829,2.40547,2.723598,1.597947,0.8552096,0.9200704,0.6905846,0.9446573,0.8191727,0.5609951,0.8341308,0.6366132,0.5754346,0.4333644,0.3739823,1.137039,0.6982168,0.628018,0.786838,0.8351987,0.7668708,0.7748252,1.183745,1.327399,0.6826856,0.9978823,0.4227215,1.035884,0.5457761,0.7195858,0.6216727,0.5396287,0.9064573,0.894618,2.661933,3.378807,0.6122315,0.6021811,1.508908,1.405033,1.116562,0.5759287,0.4235918,2.548577,1.155685,1.705058,2.25727,0.8886192,0.7333132,0.6610892,1.232411,1.055751,0.7180761,1.522782,0.545868,2.374174,1.207457,1.209919,0.9082632,1.152151,1.000241,1.272199,1.303541,1.275832,1.130398,1.308247,2.188823,2.486239,5.019447,2.13035,1.672063,1.375361,1.533968,2.635833,2.088556,1.853473,6.5377,5.328725,5.714486,6.904512,2.847669,2.96037,2.215139,3.489477,5.10655,3.937789,2.707577,2.79498,1.553194,1.004953,2.002302,1.459434,1.300252,1.465134,2.082172,3.253794,2.215753,2.859864,2.82278,3.31908,0.6920344,1.04725,1.339562,2.245278,0.548593,0.7612056,0.8243108,1.239484,2.244475,1.324514,6.225437,1.238642,1.039293,3.41694,0.5761913,0.6712525,0.7686763,0.6624418,1.699607,0.9283954,1.274044,1.856585,1.448263,1.578589,1.694595,1.153516,0.2773474,1.321862,1.76348,1.419828,0.8505144,0.7645561,0.9344764,11.73825,10.39652,1.177543,0.7427882,1.052436,12.75454,6.157762,7.258917,9.415913,9.645829,8.046407,9.007362,0.5624763,0.7620608,0.525962,1.363343,0.9864601,2.778447,1.020903,1.637282,2.119959,1.72655)
mX=[610,7](0.1448000296,0.5889992212,0.474081458,0.5555540703,0.7103568999,0.2137274111,0.397981151,0.4107452502,0.8888706938,0.8794195665,0.2222472397,0.8309143199,0.1311067144,0.8251319636,0.9034966631,0.03987981251,0.7591462149,0.3070880482,0.5874518384,0.09725935757,0.6880307659,0.6453886351,0.1812875223,0.2706943886,0.4661306305,0.3247504175,0.6066861815,0.08308602087,0.8777995446,0.2737877386,0.3933119665,0.9703016625,0.1365196386,0.4549480454,0.1081944845,0.7588923472,0.7956770369,0.6763707299,0.1686205112,0.2221352132,0.5113759203,0.2626396696,0.02612960213,0.4202843384,0.08676489436,0.7924342562,0.04197332112,0.924022491,0.4545976722,0.2570940654,0.3996211651,0.1220686845,0.6363849487,0.6168574057,0.7993280154,0.7867353707,0.3574557251,0.9375732124,0.9276486512,0.01005604742,0.9759157449,0.8695187782,0.9622936843,0.5358424189,0.6962665147,0.5778343102,0.8045336594,0.4448888285,0.3239463629,0.523680202,0.5386484428,0.9999838675,0.9752471773,0.9069286904,0.5568052497,0.04141979758,0.874684056,1,0.7245125431,0.1330313535,0.9849097771,0.1149114851,0.5617167694,0.09473152828,0.4483727941,0.9999878956,0.7325611841,9.349105793e-05,0.9999757246,0.136258518,0.665257642,0.8892479384,9.274521883e-05,0.999977229,0.4874100142,0.0001160904859,0.5539589426,0.9522861977,0.3484446169,0.5521423593,0.9999870311,0.5758729013,0.3260343732,0.1165236444,0.9999631928,0.734358783,0.9999899194,0.9999894241,0.9999771534,0.183872986,0.5152696862,0.2896070079,0.9458218735,6.776263578e-21,0.02400323393,0.9954553054,9.126900848e-05,0.3256988003,0.0001095846678,0.8586938415,0.4528916211,0.4728544506,0.8423216947,0.3189163631,0.4907393726,9.18768821e-05,0.8528411153,0.3421931007,0.4292143543,0.9823405054,0.1318270038,0.4826344026,0.0001127773651,0.9207814657,0.5583176191,0.6518068217,0.8684427054,0.9872384818,0.3994887001,0.8005928973,0.9175555654,0.1217856197,0.2513709731,0.501495704,8.682372576e-05,0.4772594676,9.952314258e-05,0.3717588582,0.9999792429,0.9999781458,0.4979455682,1,0.1783700006,1,0.4316126161,0.2022657648,0.9999804019,0.2271845061,0.0001016598458,0.02519245222,0.6668036421,0.3841522556,0.7707841351,0.7260041736,0.2744808914,0.1349187313,0.1006746714,0.9063216809,0.4064406755,0.1395749838,0.9999902904,0.3912745507,0.9999713951,0.09361488469,0.6420879297,0.5931263336,0.614950419,0.9999890001,0.7021800773,8.981464081e-05,0.2807272747,0.4689164217,0.8126212505,0.9999760788,0.9567128596,0.5230190752,0.0001018882948,0.6600245652,0.0001154448901,0.5731335653,0.8880368431,0.139190864,0.9999788949,0.1621409562,0.4621968775,0.3909511674,0.8589456765,0.5660137155,0.4350372253,0.7377252684,0,0.4905035766,6.380120666e-05,0.0001036937272,0.1150907314,0.9999564808,0.7263868693,0.0001050729422,0.08655440175,0.1069392194,0.8587241558,0,0.7037511309,0.7615035763,0.3342015216,0.4909987469,0.0005995016739,0.9216427794,0.164491039,0.4581999143,0.8422787933,0.3216293833,0.4910607012,0.0006210993088,0.7147035925,0.7760449888,0.9970602404,0.5925246517,0.7548086571,0.6214746001,0.1864556478,0.7705399686,3.183162543e-21,0.01555272386,1.18943541e-20,5.421010862e-20,0.6378582359,0.6886488695,0.5264550373,0.3986928312,0.2515641178,0.961438252,0.1381387782,0.3295088099,0.5325952615,1,1,0.9222553718,0,1.150660028e-22,0.9052976358,1.32348898e-23,0.823667505,1.327724907e-22,0.8039046373,8.470329473e-22,7.10439027e-22,0.52510737,0.426432294,0.856658762,0.2378945519,0.04731962536,0.8415232998,0.3425976359,0.4906212454,0.001036272686,0.8592428967,0.2507647257,0.4733741631,0.8430912272,0.318453836,0.4919298494,0.0002003637239,0.858561362,0.5191993684,0.47304426,0.8431317493,0.3212560325,0.4897676391,0.0001635311891,0.8692262617,0.4527855291,0.6967138886,0.8426159985,0.3204536695,0.4899914803,0.001131731494,0.8605652505,0.4540579497,0.2647490879,0.8429340629,0.3194072897,0.4896880637,0.0001827346928,0.817617894,1.084202172e-19,0.6489953436,0.4751526031,0.2407151149,0.4366961702,0.1202844426,0.8358959165,0.4532847321,0.4718697099,0.7201356617,0.3183830225,0.4908482289,0.0003303797586,0.8576555948,0.4527522085,0.4728179171,0.8429205736,0.3171019504,0.4910533514,0.02392170271,0.5,0.5,0.5,0.5,0.1666666667,0.5,0.1666666667,0.03518571267,0.1195520021,1,2.766900621e-21,1.517883041e-18,0.4561652958,1.403748753e-19,1,0.1488414978,4.479043168e-23,1,2.584939414e-26,0.6046699454,0.02906849124,0.8587161554,0.4520537563,0.4735539578,0.8155519864,0.3198209255,0.4899291518,0.0002089594886,0.4260731814,0.7888187234,1,0.3175048889,0.5815370254,0.07533159769,0.8639624678,0.3600594579,0.5855019488,1,0.1672828398,0.5046661133,0.1806886285,0.7863865515,0.5802707956,0.9647805555,0.4090027927,0.9360566967,0.381196507,0.3065199727,0.09697687481,0.2964912981,0.133286892,1,0.7007084296,1.084202172e-19,0.042142384,0.904780798,0.4384663687,0.5629496653,0.6099727569,0.4999555156,0.2720045038,0.2146155589,0.7433326169,0.824613549,0.4515939275,0.4739007898,0.8415218558,0.3190256843,0.4913791962,3.982125548e-05,0.8859830969,0.4514752896,0.4729908064,0.9685649261,0.31882881,0.4904091431,0.0006886022851,0.75,0.5,0.1666666667,0.5,0.1666666667,0.5,0.5,0.5545037137,0.5684814703,0.1223971189,0.6479070063,0.240100209,0.3741778707,0.9409020616,3.126612342e-16,0.6659094054,0.1744735756,0.8329136029,0.02051061002,0.3226493564,0.611025765,0.4317893572,2.373996685e-27,2.584939402e-26,6.018531076e-36,2.584939395e-26,1,5.403786112e-22,0.850317581,0.480921199,0.4722542709,0.6630566287,0,0.4843787647,0.0002069195885,0.8785341785,0.4835120867,0.4717041448,0.8107682328,0.5760917138,0.4851020044,0.0008926893424,0.8589327884,0.4524633848,0.4728524098,0.8417920403,0.06977312326,0.4918653357,0.0006180544057,0.3338161289,0.8560464604,0.9999907939,0.06924338308,0.7539490288,9.100022686e-05,0.9999716678,0.8249458771,0.458430483,0.4730620517,0.9639836023,0.3181065628,0.4776836485,0.001588834368,0.8544050366,0.4571282775,0.4735131904,0.9368765399,0.3179083598,0.5013659773,0.001459020438,0.8118328006,0.4566067969,0.4731756991,0.9646390868,0.318091194,0.2008618425,0.003562310488,0.8241551152,0.4577106109,0.473851684,0.9633991092,0.317387063,0.9998797523,0.0001298477785,9.099264222e-05,0.8553861329,8.582140108e-05,9.411930329e-05,0.999972587,0.0001002348847,9.520134939e-05,0.8107063075,0.4595052534,0.4717021804,0.9348144242,0.316970328,0.4785044624,0.001971174042,0.8231795476,0.4551860942,0.4726263741,0.9597155598,0.3180275243,0.7044734192,0.001477504029,0.8234841633,0.5311424719,0.4732727965,0.9747080135,0.3196855267,0.7475290353,0.002342381643,7.766707257e-05,0.791540927,6.3167507e-05,0.9999828429,0.9999841084,0.9999759463,0.9999751857,7.467388872e-05,0.8940472769,0.9999801547,0.9999838179,9.077604052e-05,0.99999107,8.556175284e-05,0.9999879925,0.8210188764,0.2437969113,0.0001000810811,9.680428389e-05,0.192076998,0.4100422649,0.9999833533,0.8863265637,7.869127775e-05,9.49906776e-05,0.9999830111,9.846944605e-05,0.9999786109,3.283953678e-19,1,3.383146745e-19,3.015437292e-19,4.935452376e-19,1,2.913793339e-19,0.8258087989,0.4589216507,0.4712519089,0.96300906,0.3184716142,0.7296947639,0.0008904387765,9.086271912e-05,0.7955741788,8.478617663e-05,9.101468621e-05,9.232827336e-05,0.9999694525,9.190563244e-05,8.688410504e-05,0.2969789088,0.9999701628,8.429402008e-05,7.557426289e-05,0.9999803026,0.9999673287,9.112007165e-05,0.540565473,0.9999890523,8.27690258e-05,9.571809279e-05,0.9999751893,0.9999750664,1,0.6851165421,0.9999498646,0.0001140432432,0.0001630388041,0.9999748304,0.9999376034,0.8273366252,0.4596197138,0.4722547042,0.9366648273,0.3174182744,0.7291661624,0.0008128292583,0.8880112007,0.2015494666,0.5104242231,0.9371975258,0.3161768219,0.7295917484,0.001565641807,0.8273219522,0.2974648104,0.8599937045,0.9376363919,0.3182187456,0.729435951,0.001213060962,0.8167356584,0.4586949458,0.4730174387,0.8836622069,0.317679675,0.728792683,0.002395331472,0.8269606739,0.4623303798,0.5199812591,0.9932885195,0.3180240982,0.518003498,0.00172467699,0.8310172752,0.4590204992,0.4720523675,0.9366201664,0.3185562546,0.5181164225,0.0003098408624,0.7117253848,0.461295782,0.3828109756,0.9409657694,0.1123607266,0.7547284487,0.0005863125658,0.8268773351,0.4777420944,0.4718637818,0.9365485252,0.04981626538,0.7294963817,6.749813761e-05,0.7966365881,0.4708499315,0.47339596,0.9821505222,0.3177676657,0.7285321181,0.00011656057,0.8299529486,0.4662015434,0.4753026315,0.9886906796,0.3162113924,0.9397079084,0.00154019788,0.8268680529,0.4600090426,0.4743573552,0.9944967844,0.316215607,0.6919150684,0.0003082503602,0.763212601,0.4629540959,0.7223760694,0.9362934926,0.3163302316,0.7938664915,0.0001697866349,0.8289079562,0.5266165283,0.456812495,0.9364019031,0.3165644874,1,0.001704396902,0.827663222,0.4610922518,0.4722728959,0.9374703652,0.3168087543,0.9788845328,0.0007291880841,7.521908512e-37,2.005478199e-32,1.53229013e-41,5.459005256e-16,1,0,1,1,1,0,0.9370020989,0,0.7290284249,0.0007305360925,9.871992345e-05,0.2484985038,0.0001033817868,9.950073425e-05,0.9999767879,9.874663613e-05,0.999973141,0.8361273872,0.4583361374,0.4717066224,0.9360550175,0.3165937763,0.729706624,0.0002469686538,0.7063253041,0.4605357185,0.4893417766,0.9364614582,0.3178566405,0.7298284579,0.0008170066974,9.150647276e-05,0.5121873214,8.591300529e-05,9.455802793e-05,0.9999816499,0.9999883202,0.9999750006,0.7976263217,0.4594886772,0.472913927,0.932016907,0.3158492448,0.7296000677,0.004283718742,0.8141241538,0.4613273669,0.4727188387,0.9356953854,0.3176500229,0.7306506614,0.005942727841,0.9357525191,0.4668490686,0.4733719967,0.9362490126,0.316884573,0.7286023701,0.000610991397,0.9999867621,0.0005913613396,0.00166194234,0.0006218435466,0.862329053,0.0006650594056,0.9997768067,0.9703905085,1,0.7861093272,1,0.1636760086,0.7282452259,0.001502260419,0.9999867132,0.0001954458137,0.9999174042,0.0001926541905,0.4557962296,0.9999496909,0.9999780835,0.7775789638,0.9999931158,8.838258536e-05,0.9999908388,0.4923413092,9.872191406e-05,0.9999902886,0.0005221444408,0.0005730164703,0.001706950439,0.9996317154,0.8757138151,0.9999198086,0.0005933846928,0.8268348932,0.4584688627,0.4721297362,0.9380821031,0.5684759045,0.7286161302,0.001404151752,0.8276542519,0.4607932935,0.4732026849,0.9354401846,0.3142804999,0.7290766437,0.0004198887102,0.8277314652,0.4577879456,0.2218518317,0.9383905435,0.3170287686,0.7305856216,0.001189725508,0.8280008564,0.4615237123,0.4739374788,0.9368125805,0.06683580992,0.7294841957,0.001290599841,0.8274063731,0.4604304444,0.4722945223,0.9366149185,0.3154245691,0.7296524326,0.0003792481309,0.8257994616,0.2087790156,0.472593032,0.9360498453,0.317094734,0.7312030933,0.001751387586,0.5,0.5,0.5,0.5,0.5,0.5,0.5,0.1666666667,0.5,0.5,0.5,0.5,0.5,0.5,0.8270929211,0.4432953975,0.4717505236,0.9364744165,0.3180510323,0.7300251302,0.0007524721761,0.8333333333,0.5,0.5,0.5,0.5,0.5,0.5,0.5,0.5,0.5,0.5,0.5,0.1666666667,0.5,0.5,0.5,0.5,0.5,0.5,0.8333333333,0.5,0.5,0.5,0.5,0.5,0.5,0.5,0.8333333333,0.8255160191,0.4605414066,0.4721870629,0.9363889585,0.3165086858,0.7303526127,0.0004542559838,0.1666666667,0.5,0.5,0.5,0.1666666667,0.8333333333,0.5,0.8333333333,0.5,0.5,0.5,0.1666666667,0.8333333333,0.5,0.5,0.5,0.5,0.5,0.1666666667,0.8333333333,0.1666666667,0.5,0.5,0.5,0.5,0.1666666667,0.8333333333,0.8333333333,0.8301018919,0.4600809719,0.4724505657,0.9371503288,0.3180641054,0.4803475817,0.0008921885452,0.3888888889,0.1666666667,0.1666666667,0.1666666667,0.1666666667,0.8333333333,0.5,0.4995738329,0.1940702854,0.1899644089,0.1970684497,0.1689150114,0.8335455106,0.5049366082,0.6111111111,0.8333333333,0.8333333333,0.8333333333,0.1666666667,0.8333333333,0.5,0.9652779382,0.166920123,0.1438859332,0.9861111114,0.9148704845,0.9944612161,0.1304919741,0.8393961056,0.9573076967,0.4739983996,0.9387890701,0.3180815904,0.7283340769,0.0001324597425,1,0,0,0.9120601219,0.6659038653,1,0.0005236244156,0.6828027709,0.14282682,0.1607864587,0.6960777562,0.9450274336,0.7232448034,0.151108958,0.9980306475,0.0472178853,0.04963426961,0.9931750389,0.6953049945,0.9850158258,0.04472208241,0.9914089594,0.2894322737,0.05456226278,0.6615071984,0.723718168,0.742807147,0.2876499963,0.9976826855,0.05661099114,0.05646659341,0.9854652158,0.7983482654,0.9899771033,0.05388572824,1,0,0,1,0.4047756222,1,0.0005218780836,0.781136827,0.08737319281,0.4546105825,0.9332755269,0.3186381807,0.7270654123,0.002341798557,0.9999948024,0.0005658186147,0.0005925565322,0.9999177965,0.8242884952,0.9998365139,0.0007288063203,0.7981493229,0.9999939067,0.9999762946,0.0001049441647,0.8404189149,9.09345926e-05,0.9999774758,0.04915074267,0.5532988469,0.4899441316,0.9365327031,0.9193780015,0.8670214019,0.6221999729,0.001712912882,0.004984822862,0.001817500415,0.9999195084,0.9492332354,0.9998100164,0.005305769633,0.7695455144,1,0.9174304278,1,0.3171420954,0.7309018204,0.001964660544,0.01887266507,0.05754531718,0.05306165298,0.9963819257,0.7922567882,0.9953925627,0.05552178577,0.000771754806,0.0005794373567,0.0005424120917,0.9999489887,0.8478240599,0.9998379682,0.0005711404172,0.1522702259,0.0001491163068,0.0001248007721,0.9999686677,0.6580442898,0.9999726851,0.0001746127384,0.1098581418,0.0001469240648,0.0001110567765,0.999989848,0.8161612303,0.9999801782,0.0001819404202,0.1580433193,0.0001000880641,0.0001015146166,0.9999741525,0.8981279037,0.9999624513,0.0001014047798,0.07181998384,7.694101893e-05,8.852142841e-05,0.9999914,0.7340606297,0.99998884,8.112465475e-05,0.1177962931,7.915775747e-05,8.977402238e-05,0.9999975321,0.7710365675,0.9999912345,8.208823043e-05,1,0.4558006743,0.470738823,0.9366693495,0.2838308909,0.7100274736,5.935237022e-05,1,0,0.05646111048,0.9358797532,0.2649302829,1,0.00161002018,0.1103080468,8.410530299e-05,8.829162653e-05,0.9999918096,0.8321436212,0.9999892078,0.0001043207142,0.391524871,0.001891569635,0.001661940504,0.9197928022,0.6841302901,0.9997127885,0.001891734517,0.4927095124,8.797016957e-05,0.0001147496396,0.9999797117,0.4685219819,0.9999712937,0.0001167614118,0.5788314358,8.130480426e-05,9.003897651e-05,0.9999897678,0.639321653,0.9999986342,0.0001044922247,0.5191770998,8.178310609e-05,8.692274916e-05,0.9999908389,0.7234506921,0.9999746924,0.0001029618412,0.5,0.5,0.5,0.8333333333,0.5,0.1666666667,0.5,0.3336546516,0.6408775869,0.6438357654,0.932662048,0.664339912,0.4989559389,0.6359360545,0.1666666667,0.8333333333,0.8333333333,0.8333333333,0.8333333333,0.6111111111,0.8333333333,0.1666666667,0.8333333333,0.8333333333,0.9444444444,0.8333333333,0.4259259259,0.8333333333,0.1671120377,0.8297165146,0.8305411672,0.9443763382,0.8185410912,0.4312025022,0.8443781827,0.1710222727,0.8258523602,0.8291731769,0.9448229917,0.8283369895,0.4209401296,0.8487901263,0.1648150387,0.8241457201,0.8208884958,0.9444556899,0.7946792425,0.4167167384,0.848392993,0.1666666667,0.8333333333,0.8333333333,0.7222222222,0.8333333333,0.3888888889,0.8333333333,0.05137429652,0.9583333609,0.9583333528,0.8331381558,0.7222069066,0.2638854942,0.9583333424,0.05137198771,0.9894463919,0.9791124472,0.806807932,0.7222222222,0.3888848882,0.9583333333,0.1947928174,0.8318006724,0.8295687685,0.9430174906,1,0.4218293058,0.8523594523,0.1919820268,0.8258897551,0.8296940228,0.9458892877,0.6403347147,0.4221106036,0.8504577032,0.5277777778,0.9583333333,0.9583333333,0.9861111111,0.9444444444,0.3888888889,0.7222222222,0.5277777778,0.9583333333,0.9583333333,0.9444444444,0.9861111111,0.6388888889,0.7222222222,0.5277777778,0.9583333333,0.9583333333,0.9149816619,0.9861111111,0.2121121936,0.7222222222,0.4821667077,0.9889923538,0.9736188788,0.9462492177,0.9991082346,0.2560386184,0.7743872039,0.08173818462,0.8266682092,0.8287704243,0.9433450861,0.8048337163,0,0.849300856,0.1728727065,0.8255641085,0.8294368945,0.9464756674,0.787071578,0.07248273871,0.8478446979,0.1703984028,0.8160877902,0.8275683905,0.9444710258,0.8285165455,0.1520568875,0.8476197132,0.6671798158,0.9446988283,0.9322533382,0.9443612857,0.987888916,0.3694438827,0.6549033887,0.2407407407,0.7222222222,0.7222222222,0.8333333333,0.9444444444,0.6759259259,0.7222222222,0.2362466897,0.7222222222,0.7222222222,0.8257564929,0.9444442686,0.4295522288,0.7222209496,0.2777777778,0.7222222222,0.7222222222,0.8827160494,0.9444444444,0.6018518519,0.7222222222,0.2777777778,0.7222222222,0.7222222222,0.8827160474,0.9444444444,0.1018518519,0.7222222222,0.2777777778,0.7222222222,0.7222222222,0.882501995,0.9444444444,0.2893548128,0.7222222222,0.2777777778,0.7222222222,0.7222222222,0.8844217304,0.9444444444,0.3439721235,0.7222222222,0.2407407148,0.9722222225,0.9722222228,0.6435185185,0.9953703714,0.6018521808,0.7592592593,0.317872876,0.9724513695,0.9726263427,0.7810978194,0.9961132483,0.8502516313,0.7592592593,0.3904377949,0.9722222222,0.9722222222,0.8225266435,0.9953703704,0.5589294499,0.7902587718,0.2304137662,0.9866325558,0.9716226587,0.7638048805,0.9942591198,0.6183093145,0.6501786546,0.2064919359,0.8466479961,0.9612890394,0.7569336573,0.9932810697,0.701517789,0.9398211443,0.1458501249,0.8264653193,0.829719353,0.9005382429,0.8346665366,0.4676742875,0.849491404,0.2106968163,0.8472686656,0.9628416064,0.79720414,0.9953649262,0.5948686597,0.9429484997,0.2407407405,0.9722222222,0.9722222222,0.7949887285,0.9953703704,0.1018610083,0.9398148148,0.1288708281,0.9722222222,0.9722222222,0.7956448149,0.9953703704,0.2268563979,0.9328339502,0.1625112303,0.9785471325,0.9997854186,0.7219868706,0.9850136926,0.3837272313,0.9685999246,0.129003063,0.9867241087,0.98225787,0.7654604536,0.9953703704,0.3518952144,0.9328343916,0.7438194017,0.8607974841,0.761101591,0.8378581894,0.9953704631,0.04613424225,0.9722222492,0.7386605347,0.862438147,0.7589657601,0.8377825303,0.9956289441,0.09413259581,0.972151908,0.7252623216,0.9174222827,0.9070408669,0.8643464731,0.9932638951,0.2256447653,0.9797422129,0.7340663908,0.8683324936,0.9907272508,0.8393812729,0.9972589019,0.3628769049,0.8680638658,0.007510232376,0.6108835323,0.7983909719,0.7224523786,0.9339083318,0.3936891215,0.691545397,0.00595454043,0.6229531682,0.6436182301,0.7721224368,0.9243658202,0.4463578064,0.6729214514,0.005904363533,0.6032070513,0.6363044935,0.7655619382,0.9234551601,0.4011745138,0.6774162046,0.006982590518,0.6139055654,0.6398003446,0.8528173854,0.904578626,0.4860972335,0.6374062331,0.1705160121,0.8265131588,0.8278050249,0.9037710925,0.8297367369,0.422177138,0.8471096106,0.2424010791,0.8277214287,0.8458138398,1,0.8255896378,0.692164503,0.8469561248,0.2438010592,0.8271374424,0.8447463945,0.9992430283,0.5599183826,0.6907469053,0.846624523,0.005559706208,0.6212080101,0.6479624333,0.8353714571,0.9292663015,0.4004921956,0.6738591691,0.2431545771,0.8268854258,0.8456508465,0.9991819842,1,0.692852107,0.8476957789,0.2425223356,0.828553502,0.8439771136,0.9995238191,0.8255167961,0.4427163452,0.8464602638,0.9362115663,0.9999705828,0.9999807561,0.9999907813,0.88815311,0.9999793034,0.9999761484,0.7906584993,0.9999651519,0.9999740007,0.8801881117,0.7810688123,0.9999761292,0.9999891986,0.4821699206,0.9999730145,0.9999952022,0.9999830535,0.8621399691,0.9999928576,0.9999703876,0.5936228715,0.8244978034,0.8444576517,0.9999154229,0.8122245779,0.6653054264,0.8473524226,0.6043647919,0.9999908124,0.9999940079,0.9999827875,0.8717866698,0.9999769723,0.8822757756,0.5368494111,0.9999519551,0.9999991423,0.9999961821,0.8552096992,0.9999827218,0.999967338,0.2695592491,0.8286581732,0.8449971975,0.9992794187,0.6967718733,0.6901308758,0.8476250474,0.5847587321,0.999975635,0.9999888135,0.9999800064,0.8306479199,0.9999764537,0.9999755097,0.6108040357,0.818166276,0.8466041776,0.9999461826,0.9223225112,0.7237800554,0.8486569992,0.837857139,5.815267663e-05,8.739119588e-05,0.957912717,0.7962522005,0.1809426104,0.0001112895417,0.07229278978,0.0741627146,0.05651946553,0.9999458617,0.9643930676,0.2417483257,0.05853412188,0.3568484641,0.05892265086,0.08783398734,0.9999873175,0.8588170384,0.37768627,0.07311496298,0.387273495,0.05927598208,0.06468093211,0.9999854094,0.8512885829,0.3032048642,0.069387021,0.311619368,0.2036102475,0.209259071,0.9999803127,0.8354520115,0.2917768183,0.1852182599,0.4779274727,8.514231392e-05,8.599245561e-05,9.489577821e-05,0.7961635167,0.9999750879,0.0001000452403,0.8116139253,9.984331563e-05,7.939036745e-05,5.802058148e-05,0.9455548307,0.9999969142,5.011890693e-05,0.9805292569,9.094627746e-05,0.000104701621,9.600069946e-05,0.9631201513,0.9999802349,0.000133517956,0.6033819123,7.517732949e-05,9.929643882e-05,0.0001074231566,0.9033690001,0.9999686271,0.0001160041851,0.6438315259,8.730984798e-05,8.271427248e-05,7.180628408e-05,0.9601988358,0.9999606816,6.939790211e-05,0.4975740027,8.161454829e-05,7.382761602e-05,7.706031145e-05,0.8477448322,0.9999764395,8.514999973e-05,0.9999822079,0.0001000909887,8.639701729e-05,0.999953409,0.532522191,0.9999481354,0.0001436528004,0.999942018,0.000158281779,0.0001248920831,0.999906259,0.6091817415,0.9999830642,2.252849975e-05,0.9999642035,0.0001035330971,9.720425154e-05,0.9999110568,0.6192470861,0.9999977782,0.00010232406,0.9999624668,0.0001096895415,0.0001330876079,0.9999951229,0.6778370794,0.9999632836,0.0001002578111,0.9999908606,9.266618965e-05,9.504645619e-05,0.9999754311,0.7385677015,0.9999735926,0.0001043440719,0.9999825228,8.16090944e-05,8.773048897e-05,0.9999908672,0.8494075758,0.9999790048,8.542058194e-05,0.7350500735,8.095889163e-05,9.035695435e-05,9.321269096e-05,0.7065521503,0.9999455117,9.22537361e-05,0.5783754862,0.7935195838,0.8343531617,0.9996902838,0.5390814102,0.7011074706,0.8436527583,0.7828305476,8.541310854e-05,8.572011338e-05,9.422403091e-05,0.8271512989,0.9999758719,9.283530656e-05,0.7258309164,8.059175474e-05,0.6490296551,7.751164467e-05,0.4235454691,0.7598155708,0.1527835076,0.6103330532,0.0001072817886,0.6273987856,9.985962451e-05,0.398871612,0.7566098112,0.1931684165,0.4881653888,0.0001009314266,0.556374468,0.0001003073983,0.5214369077,0.5833408469,0.2067913255,0.5636111807,8.63822464e-05,0.6021756858,0.0001047612234,0.3606466569,0.6373487781,0.1997892545,0.6139590691,8.010836074e-05,0.5775666656,0.0001061858803,0.4796084307,0.6448368561,0.1884354971,0.6503170927,7.278898668e-05,0.6251204107,9.807001637e-05,0.6020450355,0.6413457268,0.192749331,0.6558704508,8.420223156e-05,0.6047811891,0.0001011690543,0.6533010255,0.5076431482,0.1899855412,0.6516531616,8.748003263e-05,0.5813421637,0.0001103168223,0.6934861072,0.4868584014,0.1981941086,0.615624443,8.373688152e-05,0.5728045869,0.0001025019152,0.6717505799,0.6774438866,0.1969592068,0.5899908631,8.841086061e-05,0.59345624,9.933633231e-05,0.7355744841,0.6300708204,0.189827823,0.4040807838,0.0001007085947,8.678747013e-05,5.884302063e-05,0.88693404,0.9999991726,9.360463138e-05,0.3848637544,9.947014778e-05,8.326058455e-05,9.996004665e-05,0.8607466628,0.9999746608,0.000101025938,0.4250647094,9.635651781e-05,8.643309676e-05,9.896108341e-05,0.8254720882,0.9999769623,9.331631464e-05,0.6893076838,0.5885330893,0.9999800971,0.991468664,0.7130426047,0.3239559643,0.9999762247,0,0.7295905027,0.8314635969,0.999626052,0.4212225159,0.8539119102,0.8450641312,0,0.8993095403,0.8615883523,0.9995027684,0.4415856128,0.7161962605,0.8498694087,0.4686958614,4.934755791e-05,0.9999916245,0.9999931717,0.7700802469,0.4037193951,0.9999659168,0.3635170575,8.300573207e-05,0.9999865045,0.9999775484,0.7809676351,0.3889724036,0.9999730048,0.5355917583,9.374400312e-05,0.9999967499,0.9999792344,0.8573859506,0.3636448778,0.9999816294,0.4305046902,8.637451159e-05,0.9999848181,0.9999799521,0.7903497217,0.4149819254,0.9999755011,0.1503011353,0.7151928999,0.5920778641,0.6084086258,0.9443684311,0.4583215747,0.590726967,7.936910548e-05,0.9999891743,0.209501408,8.228057142e-05,0.8622053529,9.702244749e-05,0.2128065763,0.0001123768443,0.9999661352,0.0001010975025,0.0001049119162,0.6808200442,9.816309896e-05,9.389768903e-05,0,0.6970216471,0.8385907938,0.9997523851,0.366670154,0.5801825486,0.8492314797,9.249683824e-05,0.9999859808,0.0001064457103,6.812303637e-05,0.8873321607,8.226127004e-05,8.232574083e-05,7.254811011e-05,0.9999729856,0.0001019490552,9.773028698e-05,0.8199397375,0.0001005368269,0.0001012127559,0,0.8156466998,0.8439347637,0.9992735801,0.3106427805,0.6870845249,0.8482342655,8.800767867e-05,0.9999859619,9.997687973e-05,9.299415501e-05,0.8422132129,9.870135865e-05,0.000100507678,0.1283730685,1.493069088e-05,0.9999530053,0.000100724427,0.772994752,0.0001039197537,0.9999585722,0.2390636272,8.569851251e-05,0.9999778769,0.0001006278845,0.7960760416,9.436215525e-05,0.9999685404,0.4720017256,0.000102058621,0.9999763144,0.0001117717686,0.9054977137,9.322188261e-05,0.9999841775,0.3846619844,8.975195048e-05,0.9999763077,9.64978066e-05,0.8764905042,8.217588834e-05,0.999978719,0,0.0001145723576,0.999954955,0.0001862501526,0.9813055304,0.0001749957216,0.9999714939,0,0.8271308535,0.8487643472,0.9997164742,0.5744774324,0.7096833521,0.8462202435,0.2928892544,8.301464099e-05,0.9999713474,9.766014851e-05,0.9606829778,0.0001069941268,0.9999682609,0,0.8154341655,0.8422172958,0.9986266174,0.7547040667,0.6798399735,0.8487747417,0.1831388494,8.315337716e-05,0.9999941397,9.485192875e-05,0.8323391577,9.882923724e-05,0.9999774731,0.4098506082,0.9999745447,0.9999793693,0.9999760388,0.9617807442,0.7863743938,0.6042101503,5.551115123e-17,0.9999981815,0.9999787844,0.9999970214,0.5330233675,0.03483931404,0.4028717428,0,0.9999903962,0.9999684233,0.9999760237,0.5973367892,0.1630097133,0.5516309412,0.2216044609,0.9999611761,0.9999648767,0.9999924146,0.6915185585,0.1647149104,0.715365786,0.291816549,0.9999805107,0.9999867068,0.9999775767,0.7426944986,0.4632979839,0.6300438605,0,0.7747041649,0.8280308297,0.998961066,0.8618042675,0.6963526454,0.8416041584,0,1,0.6498348123,0.9994480235,0.8256576435,0.4837552011,0.8178341613,0.4201313654,0.7030955517,0.8631624784,0.9994480427,0.5999088108,0.81147583,0.8526570521,0.4107094599,0.9999884398,0.9999937713,0.9999814953,0.8899380304,0.3365799043,0.9999598481,0.3817123364,0.9999964658,0.999990702,0.9999829024,0.8555219655,0.4568642369,0.9999814472,0.3091737995,0.9999781753,0.9999792186,0.9999940337,0.8284599229,0.5256851573,0.9999806794,0.6555495936,0.0001001535323,0.000100088685,8.474131024e-05,0.6304181277,0.3629366429,0.0001051425759,0.5352628006,0.9829954678,0.9719195804,0.9986373852,0.5120611515,0.9896207774,0.8707872968,0.7336761397,0.987249661,1,0.9991205859,0.6218503565,1,1,0.255943512,0.6742492935,0.7921274006,0.999093642,0.593924104,0.7219840028,0.8404311981,0.6695569959,0.0001004037654,0.0001038165116,9.863027534e-05,0.6821718345,0.3291328822,0.0001049621602,0.02397521753,9.664867175e-05,8.78589563e-05,8.037234875e-05,0.4629286741,0.04298106523,0.0001008692397,0.08604259831,9.644904763e-05,8.289622163e-05,9.89927004e-05,0.4830406924,0.1665818898,9.937987308e-05,0.2665092109,8.86309066e-05,9.290625753e-05,9.535861769e-05,0.6028814703,0.2808910367,0.0001005367881,1,0.9519755027,0.8293389373,0.9991631943,0.9434793759,1,0.8492802871,0.3308287858,8.802424445e-05,9.303617972e-05,8.906568289e-05,0.7263981719,0.3266928253,0.0001080512042,0.999955501,0.000101601405,0.0001288709883,0.9999895553,0.9692908527,0.9999382691,7.655067972e-05,0.3901767602,1,1,0.9999449149,0.2944540711,1,0.8677237353,0.9999843606,7.789594409e-05,8.582092095e-05,0.9999909423,0.8333308306,0.9999773305,8.448022206e-05,0.04328498744,9.263352396e-05,0.0001022939919,0.0001037972334,0.8048886469,0.7649210844,0.0001069830049,1,0.6132483126,0.6608682885,0.9995795715,0.8198390088,0.3619994038,0.8191547419,0.8040029446,1,0.8407778211,0.9991130118,0.6584832625,1,0.8386713327,0.3400052051,0.9875996814,1,0.9985429856,0.7030719595,0.8881184663,1,0.1873025347,8.459429178e-05,7.603890562e-05,0.0001015284969,0.7614740159,0.6867947597,0.000130727717,0.3384887928,0.8749503497,0.8650552635,0.9992873971,0.5321422299,1,0.84900634,0.2118661347,0.8201849484,0.8443810498,0.9993767683,0.6772049395,0.7288612117,0.847486674,0.3500613371,8.218866653e-05,0.0001002941074,9.345217992e-05,0.837801849,0.6913829458,0.0001017164253,9.245241965e-05,0.9999793577,8.60000838e-05,0.9999753592,0.8740778317,9.804945181e-05,9.249458754e-05,0.2243966937,0.9828203032,0.7528379296,0.9993936591,0.8228272655,0.9690729425,0.8458863283,0.4046858982,8.635801023e-05,0.999996536,0.9999921139,0.8554154181,0.0001017665514,0.9999870122,0.5067482434,8.198628678e-05,0.9999898097,0.9999818114,0.8308474077,0.0001010011364,0.9999771234,0.4494259822,0.1945535466,8.613206387e-05,0.0081715648,0.4969813638,0.9999839574,0.9999751046,0.5180365294,0.7102224503,0.9999891051,0.9264827392,0.4985187153,0.8526998918,0.9999753058,0.4282876891,0.9999898273,8.683043541e-05,9.546236668e-05,0.4218505898,0.9999750099,0.9999767394,0.2853525217,0.9999924657,9.546425959e-05,0.0001208336541,0.390765683,0.999977048,0.9999778822,0.7444189176,0.9999737646,8.950803827e-05,0.00010294487,0.2667855635,0.9999768335,0.999968759,1,0.999962648,9.418424275e-05,6.071233645e-05,0.3738432057,0.9999936413,0.999978742,0.6641307715,0.9999901634,8.64053476e-05,9.407613219e-05,0.3491397833,0.9999756261,0.9999787924,0.8216417392,0.9999970582,0.0001019033252,0.1345609726,0.4437726496,0.9999689265,0.9999746041,1,0.9999987706,8.086861929e-05,0.06661064778,0.4273057933,0.9999992537,0.9999978636,0.7200724151,0.9999872878,0.0001064796308,0.07600963163,0.4572253558,0.9999742743,0.9999730908,0.6429541276,0.9999912146,0.0001028829501,0.07037030205,0.4487388273,0.9999731072,0.9999823638,0.6646920015,0.9999957453,8.448732783e-05,0.06727695641,0.4382719723,0.9999729148,0.99997766,0.3254322855,0.9999952637,0.0001050354578,0.194973404,0.3474896921,0.9999653837,0.9999751833,0.5088548123,0.9999928435,8.917280995e-05,0.1961225128,0.4503413462,0.9999965018,0.9999581433,0.7063510444,0.9999943699,8.068422589e-05,0.1960293152,0.2877655288,0.9999768193,0.9999886999,0.7707119697,0.9999963841,8.850803372e-05,0.2037991851,0.4063832596,0.9999764415,0.9999962702,0.7147243183,0.9999964118,8.027747828e-05,0.2066022647,0.4187663592,0.9999776644,0.999981061,0.6759928815,0.9999898522,8.637646947e-05,9.444341019e-05,0.4268463017,0.9999753171,0.9999769494,0.7144924679,0.9999905382,8.098588437e-05,9.471219007e-05,0.3937077468,0.9999718466,0.9999735611,0.6457766837,0.9999799127,9.874275839e-05,8.71328151e-05,0.4116438577,0.9999872061,0.999986195,0.3220703737,0.9999592455,6.042725291e-05,0.0001325363454,0.2095045419,0.9999958737,0.9999520359,0.6080452487,0.9999938695,8.651651349e-05,9.150249729e-05,0.37150577,0.9999768093,0.9999791865,0.6304663719,0.9999954271,8.295107617e-05,0.0001056484271,0.3850812956,0.9999796542,0.9999795636,1,0.9999796421,0.7009667338,0.8062528349,0.536238922,0.9999994916,0.9999749193,1,0.9999886268,0.7700833006,0.7151161419,0.4684374078,0.9999667507,0.9999643813,0.8701374392,0.9999835175,0.5727382724,0.5815825461,0.4006361234,0.999961843,0.9999761238,0.3221656794,0.9999733799,0.6680452186,0.6064124478,0.08484942691,0.9999771493,0.9999747465,0.2179286202,0.9999830585,0.5829692975,0.5513522953,0.4688337003,0.9999470524,0.9999419458,0.3042567241,0.9999753272,0.5663411503,0.5633151958,0.442011392,0.9999724123,0.9999661468,0.1624650985,0.9999769931,0.5469624888,0.6138274716,0.2499442011,0.9999500412,0.9999783947,0.346053095,0.999978391,0.5258942274,0.5810374641,0.3190253349,0.9999531626,0.9999707566,0.8179703989,0.9999984532,0.6194060944,0.6547460821,0.3486019822,0.9999656692,0.9999665442,0.5417682241,0.9999765742,0.5882062167,0.5016271864,0.2581181557,0.9999967307,0.9999960026,0.6159675266,0.9999746414,0.5630091724,0.5921154677,0.3973777566,0.9999862287,0.999974241,0.4985302114,0.6140188773,8.482259684e-05,9.306115801e-05,0.3766857854,0.9999580943,0.9999791635,0.7691945223,0.9999985705,8.899737498e-05,0.0001165401717,0.4248220337,0.8633772878,0.9999740495,0.8105139211,0.9999989608,7.95767239e-05,0.0001156549041,0.4544013847,0.8613314792,0.9999759669,0.7377594497,0.9999930768,8.871121132e-05,9.828029015e-05,0.467590224,0.9519745056,0.9999758472,0.644498538,0.9999934541,9.725936986e-05,9.457510646e-05,0.4214284469,0.767030988,0.9999759036,0.662627334,0.999989979,9.369918678e-05,9.603049606e-05,0.4566911975,0.6558271225,0.9999913293,0.5086043771,0.9999887857,0.0572571105,0.0001039772109,0.5958068276,0.8001303533,0.9999745729,0.5861301683,0.9999941108,0.06154961626,0.0001090678987,0.4668716698,0.7755754465,0.9999869838,0.4540576323,0.9999892359,8.541009202e-05,9.443832583e-05,0.4767153094,0.7634121058,0.9999766613,0.6937909153,0.9999825609,9.090225584e-05,8.355684674e-05,0.4457726827,0.7650633195,0.9999695182,0.6160093656,0.9999604192,9.950250176e-05,9.574209405e-05,0.4529553938,0.9847818546,0.9999640999,0.6608609005,0.9999769877,0.0001001417406,0.0001064862557,0.362108717,0.7265114462,0.9999755096,0.5012865951,0.9999909962,9.005434259e-05,0.0001191126034,0.4037919215,0.756465669,0.9999689563,0.2594413758,0.9999908264,7.861004735e-05,0.0001061328473,0.5405167226,0.7708733431,0.9999720427,0.3215124192,0.9999990291,7.611031006e-05,0.0001084531727,0.4861877583,0.7724754212,0.9999744394,0.4633774124,0.9999913843,8.573318376e-05,9.392353576e-05,0.5688881408,0.7615936408,0.9999739971,0.4797921041,0.9999952787,8.79696825e-05,9.27886657e-05,0.5018361959,0.7789226464,0.9999751253,0.3125571305,0.0001154577801,0.9999985242,0.6289719482,0.4124912952,0.2109802224,0.9999824805,0.3014243376,8.056063185e-05,0.9999774367,0.6592103286,0.3791054366,0.1647030309,0.9999801562,0.5425862103,8.780956609e-05,0.9999860943,5.123963766e-05,0.2002923141,0.2711291991,0.9999645044,0.4445304974,8.612286644e-05,0.9999903104,9.25718571e-05,0.4356726128,0.3246018844,0.9999844881,1,9.48813304e-05,0.9999932298,8.269658467e-05,0.4126163638,0.2374299988,0.9999552707,0.9396563905,8.520373323e-05,0.9999764972,8.058729173e-05,0.3180207983,0.5528738018,0.9999989577,0.9480322907,8.72105779e-05,0.9999894948,8.66946586e-05,0.1423702567,0.6862664358,0.999981337,1,9.894813927e-05,0.9999747586,8.299024939e-05,0.1982422238,0.6126651068,0.9999832799,0.924284964,0.000141347378,0.999987694,6.578076989e-05,0.2057233332,0.5578249568,0.9999731914,1,0.0001105899545,0.9999850092,9.536184025e-05,0.2268452894,0.4852246201,0.9999796368,1,0.0001109723941,0.9999870741,9.22621588e-05,0.2507745697,0.4851571134,0.9999778703,0.7823884269,0.0001184076376,0.999985622,8.219613834e-05,0.2724372295,0.2684949846,0.9999728895,0.9084596269,0.0001307412057,0.9999850005,8.154138202e-05,0.3934835548,0.3334716668,0.9999613657,0.8495706564,9.975740319e-05,0.9999524811,9.971532953e-05,0.462800082,0.3063585016,0.9999745619,0.7865824281,0.000100689796,0.9999581429,0.0001001912209,0.533698695,0.1979568593,0.9999798239,0.9997230727,9.726171667e-05,0.9999934624,0.0001045471479,0.4374087711,0.2928622179,0.9999554262,0.7815479659,9.562272904e-05,0.999984057,0.0001023077488,0.3778059516,0.2900359486,0.9999634849,0.3892853003,0.0001002026455,0.9999754665,0.0001022235005,0.6440046794,0.2673483805,0.9999814588,0.6233012737,8.855701357e-05,0.999932857,0.0001015322187,0.2920924543,0.2814956217,0.9999817966,0.2687747032,8.047880965e-05,0.9999476664,7.048242161e-05,0.2284682129,0.289225928,0.9999875674,0.3451808195,8.715776121e-05,0.9999825671,9.475901468e-05,0.3481551751,0.3497130577,0.9999632495,0.5217989903,8.745312436e-05,0.999986713,8.604018722e-05,0.3834966666,0.3163395744,0.9999762813,0.3888629148,8.825341866e-05,0.99998809,0.0001010609802,0.5517260218,0.7403884725,0.9999743766,0.4856300097,8.311511533e-05,0.9999804198,9.884719685e-05,0.5796104379,0.8312607522,0.9999919926,0.5257988355,7.833949199e-05,0.9999893719,9.538920245e-05,0.617162563,0.2994080321,0.9999762425,1,7.027438464e-05,0.9999470333,0.9999714508,0.194231799,0.9999794844,0.9999748763,1,6.980015464e-05,0.9999475214,0.9999696746,0.6343165773,0.9999754224,0.9999793896,0.8992933619,3.862979245e-05,0.9999511603,0.9999781358,0.4387794863,0.9999613947,0.9999970583,0.7792387018,9.104967352e-05,0.9999555387,0.999968966,0.4608897352,0.9999778329,0.999984994,0.8895716896,7.330772716e-05,0.9999435129,0.9999810908,0.4151873612,0.9999730207,0.9999767755,0.5927252005,6.909296941e-05,0.99999739,0.9999719518,0.4367215298,0.9999399814,0.999952448,0.7444446876,6.378652364e-05,0.9999791266,0.9999757243,0.5250788529,0.9999718632,0.9999849171,0.2325493718,0.0001015831165,0.9999703093,0.9999779985,0.4527223512,0.9999763823,0.9999626212,0.1207053272,0.0001069210278,0.9999771904,0.9999626755,0.3962719757,0.999961058,0.9999761585,0.4529377827,0.000102021195,0.9999744173,0.9999803569,0.4136746649,0.9999756353,0.9999990011,0.2191355046,0.0001021686858,0.9999756748,0.9999712822,0.2783801918,0.9999671353,0.9999611321,0.4158245197,9.957432435e-05,0.9999786227,0.9999772329,0.2482453172,0.999976854,0.999963322,0.3936978495,9.56593747e-05,0.9999706622,0.9999848792,0.3071575477,0.9999493952,0.9999766613,0.3078466874,0.0001107852562,0.9999609117,0.9999789425,0.3670898004,0.9999485361,0.9999774973,0.5890532136,7.213096082e-05,0.9999886884,0.9999777898,0.5057004352,0.9999890375,0.9999672855,1.084202172e-19,6.20592235e-05,0.8663883699,0.0001040685068,0.5474500272,0.7306684242,0.9765564958,0,7.702748108e-05,0.9336802168,0.0001019154439,0.6875068773,0.7257247478,1,0.2248648011,8.704300769e-05,0.628952017,8.114918868e-05,0.4274267218,0.9489623027,0.5995506197,0.09751994255,7.971685531e-05,0.9431056481,9.211843415e-05,0.1101158316,0.4109023577,0.6265284172,0.06509240966,7.883765287e-05,0.9206091509,0.0001117826094,0.0742925011,0.5039656744,0.6150228508,0.1100469094,0.0001242295905,0.9140619003,9.526292519e-05,0.1396633949,0.5658131027,0.6718533119,0.04478184779,8.23078639e-05,0.9999754235,0.0001408275006,0.3374177495,0.7260312757,0.5619965412,0.17984027,7.254857199e-05,0.9999830522,0.0001006411798,0.2990154605,0.623494926,0.6674257994,0.2111212656,0.6734677348,0.8364306971,0.9991579199,0.8451247181,0.6653636868,0.847034859,0.1944718412,0.361790428,0.8229682384,0.9999153142,0.8604858361,0.6030704311,0.8469706626,0.2531517787,0.6828969051,0.8587240381,0.9990114616,0.782511044,0.724213054,0.8480751367,0.3741278066,8.838086015e-05,0.9999832867,9.535022966e-05,0.3962819731,0.6097833786,0.639594285,0.1492042066,6.683737518e-05,0.9999607216,9.756421611e-05,0.1955351376,0.1498488781,0.9999722965,0.197833235,8.363270435e-05,0.9999854291,9.766719743e-05,0.258719721,0.2636661188,0.9999750544,0.3989704591,8.070663174e-05,0.9999795669,0.0001002632924,0.4634388358,0.09847112441,0.9999832199,0.2726762617,7.935612332e-05,0.9999878092,9.324956266e-05,0.5297647301,0.3226012831,0.9999760731,0.358153281,0.05931067814,0.9999907687,0.0001072592111,0.4792896137,0.3750471994,0.9999834363,0.4466009303,0.9999985348,8.374600335e-05,9.244754985e-05,0.6972451918,0.9999838281,0.0001035698744,0.379918688,0.9999893603,8.673887774e-05,9.88285286e-05,0.7386181998,0.9999754214,0.0001018107541,0,0.999105713,0.0001093124702,2.046604258e-06,0.5256667575,0.9995629392,0.00127132883,0.2768869153,0.0001002454988,0.9999900586,9.969616556e-05,0.5107302707,0.6618761893,0.9999706866,0.3895163017,0.999974718,8.441138146e-05,7.344986692e-05,0.7310663273,0.9999752811,0.0001003087047,0.361576275,0.9999854501,8.899517693e-05,9.33750772e-05,0.7233169875,0.9999760271,9.622458236e-05,0.4278404579,0.9999751611,0.424952126,0.5291227954,0.7345214318,0.9466815247,0.6066538581,0.4120078848,0.9999824829,9.929910535e-05,9.18926882e-05,0.7260069257,0.7785786492,9.934909842e-05,0.3164374582,0.9999945809,8.137366038e-05,7.417488826e-05,0.7322337307,0.9999744495,0.0001140725848,0.6032015472,0.9999865754,9.666653746e-05,5.683908187e-05,0.4349616865,0.9999753378,0.0001047797516,0.8870721404,0.9998949026,0.001035867988,0.0004436428953,0.6994326181,0.9998152427,0.000918960454,0.4797983833,0.9999911776,8.627807905e-05,9.8298652e-05,0.672754261,0.9999800987,9.235928184e-05,0.3576798275,0.9999838057,9.194974518e-05,7.985301822e-05,0.7140135032,0.999978873,0.194661804,0.3638226584,0.9999968134,9.718155364e-05,9.927224592e-05,0.7470074228,0.999985681,0.2016653328,0.3586805573,0.9999995729,7.936933615e-05,0.0001198230799,0.7794273791,0.9999868083,0.1966018249,0.424103328,0.9999996327,7.742084582e-05,0.0001140166432,0.7729936326,0.9999732027,0.1830109185,0.450623923,0.9999943461,8.333382676e-05,0.0001020456249,0.7801764457,0.9999718065,0.1857826209,0.4187573728,0.999990557,8.162423103e-05,0.0001000857779,0.647317502,0.9999868264,0.1868095822,0.4846489466,0.9999876348,7.554790204e-05,9.202616167e-05,0.638168824,0.9999756038,0.1827343417,0.5738061881,0.9999817863,9.006437278e-05,9.498355146e-05,0.686518472,0.9999775752,0.1985258153,0.3895428206,0.9999874097,8.077089175e-05,9.833325228e-05,0.7642492218,0.9999764632,9.032864773e-05,0.3663261836,0.9999927078,8.622129682e-05,9.788719447e-05,0.7875903008,0.9999746947,0.0001006334084,0.4104790416,0.9999908806,7.558845905e-05,9.785713375e-05,0.7556993497,0.999973907,0.0001043585894,0.4498489283,0.9999900016,8.603733921e-05,9.45811138e-05,0.74819636,0.9999759571,0.06833358871,0.4655432877,0.9999901802,8.592255615e-05,9.485630232e-05,0.7622646405,0.9999749491,0.1949630016,0.4460271759,0.9999897291,8.546294706e-05,9.447786915e-05,0.7158513285,0.9999762932,9.321393575e-05,0.4429435941,0.9999905861,8.74886819e-05,0.0001005606178,0.7080799196,0.9999795824,0.0001108616101,0.4830786951,0.999990676,8.615213072e-05,9.483500877e-05,0.7414740381,0.9999731779,9.367271331e-05,0.5504334968,0.9999723149,8.72151804e-05,8.361786747e-05,0.7317803613,0.999976947,9.890743925e-05,0.2742515113,0.9999883114,8.529240463e-05,9.209149965e-05,0.7860349709,0.9999760036,9.223365345e-05,0.4223814835,0.9999946156,0.06986197185,0.06818697479,0.7862460518,0.9631959885,9.294992996e-05,0.3833675574,0.9999920711,8.278245525e-05,9.397445299e-05,0.7944041306,0.9999748629,9.185794052e-05,0.2719768532,0.9999655223,0.0001114202384,5.803690305e-05,0.9191209701,0.999962355,8.203181441e-05,0.2932307807,0.9999932702,8.117537126e-05,9.524806309e-05,0.8036810209,0.9999848309,7.553587903e-05,0.3025050918,0.9999958586,0.0001283635369,0.0001168040192,0.934919311,0.9999855604,9.682470885e-05,0.2048269347,0.9999917266,9.635104429e-05,0.0001065553282,0.874743458,0.9999843465,8.930926255e-05,0.2424301209,0.999984597,7.766492095e-05,7.26122798e-05,0.8461501903,0.9999728496,8.146133175e-05,0.6195039453,0.9999967313,9.032400741e-05,0.0001111290264,0.8450077768,0.9999756259,9.134298377e-05,0.4401850944,0.9999925276,8.845383963e-05,0.0001059265013,0.8582031452,0.9999807533,8.408412368e-05,0.4647064712,0.9999898369,8.565077511e-05,0.000107489279,0.8495524903,0.9999725717,9.17822425e-05,0.4625148257,0.9999896004,8.693005911e-05,9.480761066e-05,0.8379738877,0.9999798739,9.011472888e-05,0.4063507655,0.9999903475,8.888764779e-05,9.462262165e-05,0.8325030003,0.9999759553,0.9999754828,0.5182354206,0.999994432,8.883676281e-05,8.609117656e-05,0.8344312202,0.9999761928,0.9999778978,0.4010152588,0.999984456,0.9999710812,0.0001175126549,0.7775406824,0.999942311,0.0263358603,0.3478757716,0.9999965097,0.9999671794,0.0001086671356,0.770505243,0.9999529946,0.02773919198,0.398689866,0.9999749445,0.9999750595,9.853085206e-05,0.7527020651,0.9999979694,0.02663918525,0.4226331409,0.9999859397,0.9999667883,0.0001030948834,0.7438569115,0.9999905008,0.02630801508,0.3962326268,0.9999811806,0.9999750768,0.0001001423217,0.7605315377,0.9999750499,0.02487587456,0.3714120841,0.9999728047,0.999974218,0.00010180242,0.7183710419,0.9999788825,0.02153650343,0.2956025062,0.9999737866,0.9999614374,6.568865417e-05,0.7189058486,0.9999943629,0.01861283007,0.4087244746,0.9999919338,0.9999890382,0.000100351202,0.7147160347,0.9999704829,0.6149917332,0.4032842542,0.9999768981,0.9999898774,0.0001057185027,0.7228140631,0.9999460033,0.02085322004,0.4783519981,0.9999950843,0.9999865401,0.0001066728126,0.8406612077,0.999974925,0.02189936962,0.4572284236,0.9999897778,0.9999890387,9.445853514e-05,0.8335613485,0.9999761296,9.223081589e-05,0.3862933934,0.9999856739,0.2112780469,0.9999821905,0.7585173202,0.9999828671,9.143327049e-05,0.3815047138,0.9999896678,0.1967847027,0.9999802145,0.7181692322,0.9999757999,0.0001002008316,0.4677459072,0.9999908044,8.846109093e-05,0.9999574273,0.839784719,0.9999829374,0.02144976172,0.4665364259,0.9999850411,9.134363966e-05,9.714573831e-05,0.8380603667,0.6410589933,9.646043858e-05,0.4073397211,0.6616049813,0.8832295185,9.603383422e-05,0.7588337352,0.999977798,0.9999742892,0.4263256815,0.5943246656,0.987534581,9.558387427e-05,0.77465262,0.999975948,0.9884019147,0.3795390647,0.6694321706,0.9871659218,9.690647602e-05,0.7186339858,0.9999750007,0.9867144263,0.3710885065,0.7694259688,0.7696635944,0.5831680659,0.720649365,0.9999560105,0.9999750017,0.4188824403,0.6517651363,0.9999744544,0.0001000878809,0.746725416,0.9999750509,0.9876250612,0.4161465621,0.621786447,0.9999720624,9.9158023e-05,0.7133976674,0.9999764256,0.9880997707,0.4062252736,0.6678293867,0.9999637529,7.772786208e-05,0.6550017006,0.9999765936,0.9861715423,0.4405965772,0.6743093354,0.9999788251,9.723958584e-05,0.7196103254,0.9999751228,0.9875467103,0.3900257856,0.9999900903,0.9961097893,0.0001161437078,0.7823762797,0.7607917367,0.9999906614,0.4107068211,0.9999901309,0.9924245607,0.0001214089748,0.7647317519,0.7646320358,0.9999905525,0.4464597734,0.9999936803,0.9999915671,9.851960609e-05,0.6547736758,0.6806468285,0.9999671246,0.4102913061,0.9999919018,0.999986336,9.215055562e-05,0.6935700773,0.4177634342,0.9999807687,0.2511144939,0.99937201,0.000490560434,0.0001159540931,0.9294671052,0.9998072392,0.0006231110417,0.3305897772,0.9999953457,0.8725670979,9.418744585e-05,0.7581142257,0.9523348609,0.973541319,0.4191076496,0.9557952153,0.8697680688,0.0001107204419,0.7463058791,0.7486987054,0.9810536979,0.3793406113,0.9999867781,0.9999801604,0.0001032773845,0.7172528706,0.6935851653,0.9878225424,0.301744872,0.9999742539,0.9999750466,9.896179933e-05,0.6502593072,0.9999747286,0.9999734842,0.4726543774,0.9999926743,0.9999888092,9.216394279e-05,0.772050211,0.9999836904,0.9999870496,0.4381780534,0.999989582,0.9999887896,9.840237981e-05,0.7575784324,0.9999750094,0.9999765141,0.6453663143,0.9999860108,0.9999741854,9.394026753e-05,0.2010375174,0.9999772454,0.9999486103,0.6381610189,0.9999997705,0.9999780072,9.828775153e-05,0.3388691214,0.9999802944,0.9999682507,0.6299502032,0.9999420394,0.9999916453,5.397196311e-05,0.3028968957,0.9999811016,0.999933143,0.6178452128,0.9999628235,0.9999902201,0.0001356151844,0.27745219,0.9999762045,0.9999816156,0.6575926665,0.9999647206,0.9999801641,9.638159818e-05,0.4327091834,0.9999706647,0.9999946117,0.670827572,0.9999659944,0.9999794682,9.754885308e-05,0.462032928,0.9999640111,0.9999932247,0.641257836,0.9999794817,0.9999813379,9.272726255e-05,0.474816609,0.9999640311,0.9999395985,0.5647362638,0.999998464,0.9999723947,9.816964783e-05,0.3561403436,0.9999753947,0.9999731801,0.2789896204,0.9997507042,0.0001954987869,0.001135924226,0.9366583259,0.9998052671,0.0004490793758,0.5886057811,0.9999045198,0.9999402298,8.033290983e-05,0.4822388426,0.99996822,0.9999944123,0.5063400426,0.9999983194,0.9999654777,7.986580654e-05,0.3345696506,0.9999977238,0.9999612211,0.5502047487,0.9999738592,0.9999714008,5.556328806e-05,0.4741430665,0.9999965998,0.9999857048,0.5736922742,0.05963332327,0.9999887245,9.395048803e-05,0.4576545295,0.4255553,0.9999742586,0.8041205533,0.0001029643597,0.9999763887,0.0001012314076,0.2552798072,0.9872046928,0.9999893214,1,6.924231775e-05,0.9999994853,0.0001074044745,0.0294202516,0.5432538094,0.999998584,1,9.065370658e-05,0.9999594231,4.877645748e-05,0.09221935697,0.7594376046,0.999961154,0.9999967679,7.721078547e-05,0.9999874838,7.244263078e-05,0.1040742416,0.7811905404,0.9999554843,1,5.199704415e-05,0.9999976213,4.470462859e-05,0.08089818245,0.7074165903,0.9999575922,0.8688458576,5.20889374e-05,0.9999714409,0.000121666555,0.3184664513,0.9840724358,0.999972296,0.8534988783,0.0001250252012,0.9999592846,8.086291475e-05,0.3565058461,0.7538516684,0.9999764908,0.8326276051,0.0001202241212,0.9999558834,8.622769492e-05,0.3179011095,0.6918694012,0.9999704635,0.8770655456,9.016138129e-05,0.9999994481,8.316270359e-05,0.2892411391,0.6860834373,0.9999947416,0.7629905503,9.47305763e-05,0.9999847344,0.0001112325702,0.545872618,0.6543913948,0.9999708206,0.6399962818,7.562019627e-05,0.9999967336,0.0001166341935,0.5495800756,0.3352759858,0.9999605319,0.5619454731,9.157104058e-05,0.9999716383,0.0001035475754,0.7798926985,0.4320698247,0.999998239,0.4637682792,0.000128043277,0.999998937,6.252181456e-05,0.04457084719,0.1195559757,0.9999355514,0.5927472354,9.059195027e-05,0.9999869043,8.282416298e-05,0.08750976984,0.1922752081,0.9999966405,0.7072663292,7.134282168e-05,0.9999543514,9.211458502e-05,0.02537357193,0.31629951,0.9999828475,0.8093273139,6.545556516e-05,0.9999733725,0.0001005711634,0.1453314403,0.4153415203,0.9999599573,0.7413798078,7.054214226e-05,0.9999698005,9.675038237e-05,0.1879970744,0.3987771061,0.9999774096,0.4883266749,9.250741058e-05,0.999970923,8.614277195e-05,0.3082280059,0.249096332,0.9999560377,0.6345953787,8.650819738e-05,0.9999881025,7.441883066e-05,0.4151633612,0.3157664376,0.99998906,0.6431047772,0.0001140323392,0.9999967752,9.915158938e-05,0.531616755,0.3718999885,0.9999712291,9.09853739e-05,0.9999995495,0.9999773614,9.469807536e-05,0.4865649771,0.9999759556,9.529514371e-05,0,6.58281737e-05,0.9999999976,3.115031659e-05,0.635068684,0.0791596278,1,0.1418750982,6.96500637e-06,0.9999780514,0.0001210506614,0.359794123,0.2942495666,0.999975847,0,4.23557128e-05,0.9999048442,0.0001062352664,0.4059379318,0.08400481818,0.9999555468,0.446767842,0.0001068177302,0.9999575942,0.0001336277796,0.1079120122,0.4794890598,0.9999864039,0.53425895,8.230219563e-05,0.9999805261,9.058815915e-05,0.2208138892,0.4544225557,0.9999207981,0.5572380263,7.020697599e-05,0.9999919144,0.0001303431767,0.2584280348,0.3207699913,0.9999523123,0.4188756371,8.677925992e-05,0.9999674248,8.700832811e-05,0.2859473957,0.3981304411,0.9999725342,0.2032517931,8.5774326e-05,0.9999551593,0.0001182418998,0.3202067245,0.3332428629,0.9999844868,0.3421155654,9.54827402e-05,0.9999998028,0.0001014088219,0.6735111342,0.3111553757,0.9999619085,0.4922364785,8.938445667e-05,0.9999884114,9.471394037e-05,0.539163149,0.4313415194,0.9999823825,0,0.9992205473,0.0004921331986,0.001039992101,0.8885849677,0.9999089079,0.001032997506,0.7799090132,8.236812322e-05,0.9999894149,9.615203877e-05,0.2606047537,0.5639082011,0.9999870221,0.3434374463,0.997980615,0.002551622869,0.001385442622,0.9305137484,0.9999252477,0.000421755176,0.6981772673,9.329780297e-05,0.9999892167,0.0001255243332,0.3461133829,0.4707287733,0.999960015,0.7215333001,8.525622546e-05,0.9999893715,0.000104237407,0.5194242033,0.279381963,0.9999711583,0.820405412,9.198064239e-05,0.9999993714,0.0001175694766,0.4742360551,0.4297599675,0.999987521,0.8211259479,8.632865396e-05,0.9999977545,0.0001136434281,0.432917551,0.33022783,0.9999876294,0.6624803294,8.934553239e-05,0.9999899624,0.0001064668248,0.4332912787,0.264876092,0.9999681552,0.3899788664,5.532623515e-05,0.9999655014,0.000114883267,0.7024968587,0.3480093578,0.9999796702,0.5948107886,9.59244135e-05,0.999987682,0.0001087591439,0.5895133158,0.2403267696,0.9999759274,0,0.9986750571,5.015067337e-05,0.001216588831,0.968963297,0.9988997308,0.0001099385895,0.5622383395,8.021752601e-05,0.9999902688,0.0001081689648,0.4940438054,0.4299337646,0.9999646683,0.26113814,0.9999936538,0.02347282332,0.007939793682,0.8395075642,0.000109631369,0.006596309783,0.4796866921,0.9999816903,0.9999828354,0.0001195903507,0.7788853896,0.9999791603,0.9999799725,0.4853252135,0.9999894529,0.9999898923,0.0001177858902,0.7467793784,0.9999777754,0.9999746515,0.4968688738,0.9999750456,0.9999889661,9.972101069e-05,0.7188857593,0.9999785237,0.9999755599,0.4384569599,0.9999993601,0.9999743492,0.0001009355815,0.7745379136,0.5565654636,0.9999709958,0.3738014818,0.9999901034,0.999989015,9.465879926e-05,0.7916453599,0.6698084069,0.9999833935,0.2977258739,0.999984929,0.999988855,9.303969991e-05,0.7932117139,0.6203614398,0.9999679273,0.3807363372,0.9999951245,0.9999857281,0.2148040207,0.7889051345,0.8086941875,0.999975277,0.3671409646,0.9999954607,0.9999870779,9.223540213e-05,0.7977106064,0.6476144295,0.999975217,0.2100566309,0.9999271515,0.999980542,9.55469273e-05,0.6979010031,1,0.9999794313,0.2641225123,0.9999256669,0.999986451,0.0001002893672,0.7461471275,1,0.9999518704,0,0.9999079666,0.9999746339,0.0001031751096,0.7771364882,0.9433643748,0.9999569204,0.2574962447,0.9999452986,0.9999726712,9.954836938e-05,0.6636224476,0.9889829233,0.9999564759,0.2902469075,0.9999168053,0.9999751957,9.880456529e-05,0.7640867728,0.9578632621,0.999945357,0.1514948307,0.9999133555,0.9999797798,9.707810447e-05,0.7336700225,0.9999999649,0.9999762145,0.3717190369,0.9999898656,0.9999894586,9.624121623e-05,0.7378865709,1,0.9999762999,0.4312315203,0.9999994358,0.9999876465,9.688400212e-05,0.7649532059,1,0.9999753271,0.4705424552,0.9999886573,0.9999962324,9.993781495e-05,0.7895567955,1,0.9999573909,0.389486656,0.9999883116,0.9999874073,8.581750568e-05,0.7578070009,0.9724170775,1,0.3101944908,0.9999906467,0.9999893698,9.851441448e-05,0.8310678438,1,0.9999830546,0.4474780159,0.9999938628,0.9999748024,9.520681493e-05,0.8560082631,0.9983445104,0.9999828988,0.5102230604,0.9999971093,0.999985194,9.968292539e-05,0.8489342031,0.7063407399,0.9999788522,0.4612381427,0.9999989424,0.9999882134,9.996733138e-05,0.7898101687,0.6730581923,0.9999522784,0.5253230231,0.9999897188,0.9999853303,0.0001167720028,0.8373718032,0.7925521335,0.9999735988,0.7497235739,0.9999773504,0.999986993,7.951241097e-05,0.413023709,0.6565213432,0.0001096357593,0.7246764866,0.9999923675,0.9999821905,0.0001000653235,0.3895374976,0.6490456057,9.310853722e-05,0.5355380286,0.9999896315,0.9999893942,0.5918128508,0.3887417145,0.9999769655,9.175226264e-05,0.3019183312,0.9988667774,8.12782485e-05,0.001684746485,0.9327362062,0.9999751103,0.0002919298823,0.3059713394,0.9999880141,0.9999569239,0.0001245172002,0.5207502219,0.9999529749,9.993121574e-05,0.2584938367,0.9999910705,0.9999771394,9.911248662e-05,0.5056469206,0.9999681429,0.0001008872719,0.4619973318,0.9999898069,0.999989091,9.446997271e-05,0.6095907409,0.9999752015,9.989985262e-05,0.4770929224,0.9999769188,0.9999891762,0.1798020692,0.4681073905,0.9999740356,0.0001003995257,0.6387765407,0.9999966019,0.9998844435,0.3915498011,0.4681260595,0.8828574724,9.501055293e-05,0.3937211532,0.9999891906,0.999984906,0.1987766359,0.4607300827,0.8866202273,8.970177916e-05,0.6440285102,0.9999730729,0.9999757524,0.1796660769,0.5540373277,0.9999655007,9.863555737e-05,0.6893850217,0.9999854096,0.9999749962,0.1179348169,0.4811063816,0.9999774604,9.772272766e-05,0.6946988912,0.9999846384,0.9999734576,0.08580491343,0.373490282,0.9999765048,9.659369567e-05,0.6508433329,0.9999781228,0.9999801112,0.1322682006,0.4210987953,0.9999738771,9.624657234e-05,0.696905135,0.999973157,0.9999922749,0.2058361279,0.4028618699,0.9999719785,9.948596023e-05,0.6920525971,0.9999831797,0.9999866756,0.1646960076,0.5225829771,0.9999862812,0.0001222515111,0.4332313734,0.999983677,0.9999799045,0.6275970964,0.06728764658,8.343634619e-05,0.0001464666184,9.805541103e-05,0.99997313,0.6431777214,0.0001254728045,0.2786330657,0.0001083305318,0.0001234557078,9.826774549e-05,0.9999919587,0.9999862098,0.204522708,0.0926509186,0.0001239829218,0.0001353075326,8.024855447e-05,0.9999931627,0.9999800642,8.874388097e-05,0.05684250357,0.0001058041307,0.0001057793908,0.0001131416578,0.999996319,0.9999549158,0.0001253443614,0.2229451246,0.000121014503,0.0001076195911,8.116517207e-05,0.9999918501,0.9999766409,0.0001036487338,0.1552468494,0.0001035156855,0.0001052389632,0.3917013755,0.9999924427,0.9999751271,0.2391534551,0.7835907067,0.999975629,0.000101429457,0.3817098418,0.9999930245,0.9999907433,0.2150317943,0.7918280234,0.9999756639,0.0001087212406,0.5210124378,0.9999540705,0.999989041,0.2189187613,0.4827372534,0.999978519,7.328681565e-05,0.2957479103,0.9999888586,0.9999788577,0.2100375995,0.7550550349,0.9999775318,0.0001036181774,0.3360820869,0.9999895671,0.999978508,0.2145135505,0.6396672012,0.999987593,0.000103699921,0.001634053373,0.9998366641,0.001111433592,0.001875211166,0.9332545027,0.9996476019,0.001339008137,0.380860849,0.9999993301,0.9999664791,0.24008656,0.6642402574,0.9999838913,0.0001037714461,0.497757213,0.9999956621,0.9999894909,0.2367351744,0.4891517477,0.9999760565,9.820894575e-05,0.3472232983,0.9999936044,0.9999952388,0.0001067309006,0.4562525742,0.1160172108,0.999957626,0.4555297294,0.999998268,0.9999462486,0.0001188124007,0.3644673717,0.2313086194,0.9999636988)
